3.879099598718947879e-07 4.120043805498604804e-07 3.976362850412233758e-07 4.623348918695300815e-07 4.991702824791290633e-07 6.046224377105136524e-07 7.031477153700204826e-07 8.324647156076662888e-07 9.807845627413083099e-07 1.134609249686394521e-06 1.232745034835184395e-06 1.335018414486376287e-06 1.399505846695683336e-06 1.460204832981523956e-06 1.525326013154130195e-06 1.568007311090748155e-06 1.589224629157989481e-06 1.544116268039788844e-06 1.376242549957040851e-06 1.184723020658370685e-06 1.031463370715460456e-06 7.623710506143727040e-07 5.276311356017942591e-07 3.201666825518201230e-07 1.539072054230280323e-07 -2.431477099802162830e-07 -2.109020181020385955e-07 -1.481324300660709164e-07 -6.644801757379876242e-08 -5.488618295533148066e-10 8.271564826970537997e-08 1.562997757046688055e-07 2.429424028061577924e-07 4.080508679239762285e-07 5.988181246592671128e-07 8.358126804638535046e-07 9.964350305059885958e-07 1.059552381181998306e-06 1.129025222285346260e-06 1.214914825903991357e-06 1.341377773012569260e-06 1.319321833893721737e-06 1.194429222008050697e-06 1.072909699848040132e-06 9.319298427527540148e-07 7.546394335191860335e-07 5.362548566787474989e-07 3.946111611816612907e-07 2.237935564174102159e-07 1.144971862869112971e-07
4.120043805498604804e-07 5.419347795200985659e-07 5.251194730958979739e-07 5.863686040803223815e-07 6.210786110096599781e-07 7.479409194691110505e-07 8.766727594959075924e-07 1.022492485269107139e-06 1.220433876351235402e-06 1.443033253356719475e-06 1.608643990888553290e-06 1.686677019267183678e-06 1.783035030768272787e-06 1.893036413614070274e-06 1.960054445440652700e-06 2.057142734153242211e-06 2.090178992372450488e-06 2.029670641386679790e-06 1.803102851292942121e-06 1.547458625582853274e-06 1.335315622822900842e-06 9.946494300456401731e-07 6.771005152259074030e-07 4.149689070638555062e-07 1.910773909602698136e-07 -3.633195544273485271e-07 -3.215572736657390277e-07 -2.406710424813218848e-07 -1.693868276580350295e-07 -1.132723216605712401e-07 -2.771273758423112557e-08 9.029434800050111876e-08 1.628332730701731566e-07 3.598029767318830283e-07 5.867414821737953328e-07 8.657465956264090977e-07 1.039197607435311662e-06 1.176943193495152159e-06 1.273042884742688920e-06 1.427168511549532410e-06 1.609088421829026940e-06 1.649048158595813564e-06 1.533804431473532197e-06 1.391368687615847321e-06 1.195988470245043839e-06 9.943447175595021673e-07 7.336590490380127849e-07 5.635976565714573009e-07 3.629111619838502498e-07 2.346984256245464109e-07
3.976362850412233758e-07 5.251194730958979739e-07 6.647637565263935991e-07 7.684745400135526361e-07 8.423027673898961978e-07 9.958515459244371008e-07 1.159285370985694080e-06 1.313216423258826108e-06 1.548736424933115723e-06 1.862753166579809641e-06 2.084221680013697969e-06 2.198683691375433842e-06 2.378988461285101098e-06 2.566136988434678046e-06 2.705350627969008775e-06 2.804859184656433371e-06 2.776649970634792347e-06 2.719171327810001949e-06 2.512781298998109349e-06 2.237104651799882618e-06 1.909870175866166615e-06 1.498273738434788513e-06 1.097477289931279020e-06 7.352783629230770682e-07 4.188848207104986649e-07 -5.119224415189500955e-07 -4.568108763535211916e-07 -3.907961589317842234e-07 -3.165789974304463226e-07 -2.537655239027268864e-07 -1.489926340355747074e-07 4.191586705711541530e-08 1.798466712079409307e-07 4.592336500931555410e-07 7.286962318629221140e-07 1.035415624051860225e-06 1.271522922473022325e-06 1.563719364014757536e-06 1.761355752738031864e-06 1.950761723177073703e-06 2.147329456008049656e-06 2.207108766514338144e-06 2.151802109785619471e-06 2.035489829444875772e-06 1.803757289054412721e-06 1.535144666112194549e-06 1.175778520875397370e-06 9.041169586390130393e-07 6.370034391275600723e-07 4.424791142751865432e-07
4.623348918695300815e-07 5.863686040803223815e-07 7.684745400135526361e-07 1.073000574099268348e-06 1.163287524651931826e-06 1.339960614209886869e-06 1.537929666686702700e-06 1.715475150684242944e-06 2.062385867667271826e-06 2.416615564070687863e-06 2.697356919028666879e-06 2.922332653714193331e-06 3.168622183425116239e-06 3.406299837499045600e-06 3.637995218061444574e-06 3.685006405534474107e-06 3.621412943326755038e-06 3.560682942228207845e-06 3.306571535097418111e-06 2.929386391142907732e-06 2.466226582130732194e-06 1.951861196429642805e-06 1.440788501900188012e-06 9.699617422114219159e-07 5.470420617479168762e-07 -6.922973379119588698e-07 -6.422516458273685567e-07 -5.845808652211137409e-07 -5.006717428205244311e-07 -4.202877725580941052e-07 -2.771387427997011115e-07 -3.341976318443176747e-08 1.795339209844533483e-07 5.873922945101544752e-07 9.162038115850826803e-07 1.299647580382574108e-06 1.666676330793574124e-06 2.056477872620110609e-06 2.434400190361300622e-06 2.667911928806577355e-06 2.869031724363231302e-06 2.906699907380775861e-06 2.811796291276444989e-06 2.643165351466200734e-06 2.329214471672472747e-06 1.976486393507889985e-06 1.493812820924839401e-06 1.098298655165531016e-06 7.468102786692985459e-07 4.645416006417685247e-07
4.991702824791290633e-07 6.210786110096599781e-07 8.423027673898961978e-07 1.163287524651931826e-06 1.460455974675286214e-06 1.614956660850772502e-06 1.840105046902713777e-06 2.089602361778977938e-06 2.477040924268087590e-06 2.848498565857315615e-06 3.177310789234569381e-06 3.489399871136321966e-06 3.868002491498725267e-06 4.158265281003372262e-06 4.453566733934896035e-06 4.454088353286742514e-06 4.391441002341595129e-06 4.295995883604936137e-06 4.024916325803036390e-06 3.623217927239869790e-06 3.046550920471071896e-06 2.410310017372437261e-06 1.805381197320723505e-06 1.226557657715142999e-06 7.310473571841440291e-07 -8.784295422863340264e-07 -8.414712402952735432e-07 -7.825823064140945135e-07 -6.989234464052141242e-07 -5.991555988979589961e-07 -3.916568865862900882e-07 -9.154230052949232890e-08 1.989155658892252891e-07 7.074610728000880860e-07 1.075362138801062129e-06 1.535491127273743319e-06 1.976145429573937626e-06 2.482611508445762932e-06 2.982108129048735684e-06 3.199785960618764923e-06 3.465968183288878290e-06 3.448566717383072951e-06 3.355211919616114202e-06 3.208009321551195113e-06 2.855954807193603694e-06 2.416279965454063142e-06 1.858823047988543095e-06 1.385385046914030787e-06 9.476777738694215050e-07 6.081403581521759472e-07
6.046224377105136524e-07 7.479409194691110505e-07 9.958515459244371008e-07 1.339960614209886869e-06 1.614956660850772502e-06 2.009507416083326227e-06 2.301838576053994426e-06 2.603013737793643260e-06 3.003712330659200615e-06 3.414054666072371064e-06 3.817731132367062314e-06 4.251298719650789360e-06 4.763158919666647262e-06 5.186438505457926587e-06 5.507818228548878693e-06 5.574185955640117950e-06 5.513005800065045628e-06 5.423345197311341116e-06 5.130960693675039639e-06 4.627144026204366564e-06 3.906827894307339322e-06 3.090683945915366909e-06 2.319018129060562603e-06 1.598900728964050917e-06 9.432784645521200568e-07 -1.135225097439236595e-06 -1.122095353557153709e-06 -1.081978616393411136e-06 -9.961858636518680364e-07 -8.655192054480854173e-07 -6.142503663921545911e-07 -2.513682168597332475e-07 1.220152516872559660e-07 6.791389081077118739e-07 1.158901152337217982e-06 1.759836673605181340e-06 2.343165942836744231e-06 3.006779847311915233e-06 3.641201831652135264e-06 4.067763251955813191e-06 4.497314574907571078e-06 4.506264195219252979e-06 4.427165997661037160e-06 4.269993543173645741e-06 3.854463798738343664e-06 3.256032109354162840e-06 2.541600197948793918e-06 1.954601425977666048e-06 1.367729419610225130e-06 9.119046324484785086e-07
7.031477153700204826e-07 8.766727594959075924e-07 1.159285370985694080e-06 1.537929666686702700e-06 1.840105046902713777e-06 2.301838576053994426e-06 2.859059821644208915e-06 3.154070217244064780e-06 3.649778041351563615e-06 4.183625775852031356e-06 4.702813573425637550e-06 5.227622299222462440e-06 5.880507239721811371e-06 6.413548563305252637e-06 6.745067078568978522e-06 6.902924228713264229e-06 6.793499359914488271e-06 6.701037543960500856e-06 6.302094844839810843e-06 5.665008620255328241e-06 4.814551424716271819e-06 3.825488075565011730e-06 2.865051888618081069e-06 2.009830007578940154e-06 1.204149978204099437e-06 -1.501483583895656870e-06 -1.476962952694743491e-06 -1.443377856039154683e-06 -1.345133882669383167e-06 -1.180305629064926067e-06 -8.809386324056539911e-07 -4.127398835686537968e-07 4.099357286476968372e-08 7.236789873042191460e-07 1.395981533085551055e-06 2.128290942374723972e-06 2.881300779659771134e-06 3.693934509592292489e-06 4.473808202273844216e-06 5.067534779136995966e-06 5.627935053999614852e-06 5.640076109270981990e-06 5.469716072347851210e-06 5.257479218598916517e-06 4.720249333367002701e-06 3.982545368805160531e-06 3.102461441277880740e-06 2.397317260391168963e-06 1.708056197737223839e-06 1.193769049256608598e-06
8.324647156076662888e-07 1.022492485269107139e-06 1.313216423258826108e-06 1.715475150684242944e-06 2.089602361778977938e-06 2.603013737793643260e-06 3.154070217244064780e-06 3.733941427676680623e-06 4.316576203254970114e-06 4.982651460195913911e-06 5.608695223409594970e-06 6.311904827964351577e-06 7.158149693606394985e-06 7.836960184696262861e-06 8.253846708946534005e-06 8.526848477256788016e-06 8.508697253094754656e-06 8.441218128461285114e-06 7.957764772815693544e-06 7.249918491997591449e-06 6.267099467091834857e-06 5.057902022491551242e-06 3.848860596745479951e-06 2.770857702866510575e-06 1.740481265360703278e-06 -1.888394370858786490e-06 -1.888202623593365286e-06 -1.896087933535376809e-06 -1.839782370742194775e-06 -1.666197197118422115e-06 -1.341367720076270011e-06 -8.622746035063921619e-07 -3.364238400002272140e-07 4.831260969509802865e-07 1.302012947750782946e-06 2.269719893924056307e-06 3.155110038710894284e-06 4.139857366854655914e-06 5.067699739625298987e-06 5.895645835802855382e-06 6.683220048130898468e-06 6.795325585486438244e-06 6.770097717610664026e-06 6.607823541005999772e-06 6.081722824082730065e-06 5.283908975363147144e-06 4.278653741567693359e-06 3.414299881112817125e-06 2.521395757458018111e-06 1.832115490641794610e-06
9.807845627413083099e-07 1.220433876351235402e-06 1.548736424933115723e-06 2.062385867667271826e-06 2.477040924268087590e-06 3.003712330659200615e-06 3.649778041351563615e-06 4.316576203254970114e-06 5.373132606949143797e-06 6.220273997368543175e-06 7.015832295387154796e-06 7.905772466380826479e-06 8.983999518968643192e-06 9.849995063789578824e-06 1.053363626754102513e-05 1.098095686798659931e-05 1.107553454061684118e-05 1.103857612435448484e-05 1.037964511640956021e-05 9.545526241449240151e-06 8.331616438808197022e-06 6.861635176855738959e-06 5.281767564850661270e-06 3.882945862251666455e-06 2.558560354125559846e-06 -2.445608941360257158e-06 -2.461436052696138020e-06 -2.491015405547639235e-06 -2.441144642553688243e-06 -2.303018999056160197e-06 -1.973353725240422452e-06 -1.425360647986521291e-06 -8.246293024894903898e-07 3.142239375179109419e-07 1.359968240206949514e-06 2.603581612505744892e-06 3.811121831472978031e-06 5.073808472883578871e-06 6.298496873932910135e-06 7.387381623738500634e-06 8.471559310280497835e-06 8.752427106080657985e-06 8.777691306621077862e-06 8.561410993636047476e-06 7.933695846602305141e-06 7.039947207537113721e-06 5.808067218415986153e-06 4.691555227178391499e-06 3.578503311420993548e-06 2.675469231787586406e-06
1.134609249686394521e-06 1.443033253356719475e-06 1.862753166579809641e-06 2.416615564070687863e-06 2.848498565857315615e-06 3.414054666072371064e-06 4.183625775852031356e-06 4.982651460195913911e-06 6.220273997368543175e-06 7.589619121654736507e-06 8.548676608838626833e-06 9.582948758778298156e-06 1.085082799749743721e-05 1.198753636955725123e-05 1.291494992625948924e-05 1.364178350615725725e-05 1.378841795261954435e-05 1.380669701418436758e-05 1.302854715219432356e-05 1.203418646587858095e-05 1.055185961221869476e-05 8.774844715703388793e-06 6.788988126527554193e-06 5.015265939372298378e-06 3.353305068256674175e-06 -3.046243291157887966e-06 -3.053925776198838874e-06 -3.102004485653533115e-06 -3.048427501175285026e-06 -2.943640881040900289e-06 -2.604077568063306106e-06 -1.956019232182426632e-06 -1.212226116448272801e-06 1.980114369930029081e-07 1.610127753299006899e-06 3.177328557041820336e-06 4.736162738991657688e-06 6.413279099912822591e-06 7.966813387576361099e-06 9.455049547727594899e-06 1.084816391201587776e-05 1.135610497241606876e-05 1.150757802703968663e-05 1.119179918042326504e-05 1.037196194499365603e-05 9.332510424540038267e-06 7.764368891460479783e-06 6.310274682930462114e-06 4.935695860749246212e-06 3.766088903703819066e-06
1.232745034835184395e-06 1.608643990888553290e-06 2.084221680013697969e-06 2.697356919028666879e-06 3.177310789234569381e-06 3.817731132367062314e-06 4.702813573425637550e-06 5.608695223409594970e-06 7.015832295387154796e-06 8.548676608838626833e-06 9.948837419933158241e-06 1.109792418113724858e-05 1.261133681485292638e-05 1.399072743451474947e-05 1.517145966483352080e-05 1.620826128477162505e-05 1.645423631857546886e-05 1.651787030673493103e-05 1.573951717096770556e-05 1.461641357545869052e-05 1.286675062784957906e-05 1.078453653944430470e-05 8.400889619828996269e-06 6.269856204872733459e-06 4.229193235822038080e-06 -3.549686922175666026e-06 -3.587622133096756039e-06 -3.703187744825966369e-06 -3.721316531350901387e-06 -3.676316093421403652e-06 -3.325567024025655990e-06 -2.633974910057527027e-06 -1.805008341282140698e-06 -2.027846026902352484e-07 1.428784894113657030e-06 3.218266836000135673e-06 5.066664323756245825e-06 7.178385223179419400e-06 9.092312120845484665e-06 1.098033655047646911e-05 1.278405607725098173e-05 1.351286411245000074e-05 1.384442686527971262e-05 1.352533164566059870e-05 1.262663833743184195e-05 1.138017631481341946e-05 9.531734030824808214e-06 7.752202650681586400e-06 6.102576469048563686e-06 4.685837019138020441e-06
1.335018414486376287e-06 1.686677019267183678e-06 2.198683691375433842e-06 2.922332653714193331e-06 3.489399871136321966e-06 4.251298719650789360e-06 5.227622299222462440e-06 6.311904827964351577e-06 7.905772466380826479e-06 9.582948758778298156e-06 1.109792418113724858e-05 1.288715341381220415e-05 1.472288822276044071e-05 1.639788157752344067e-05 1.792503145252396745e-05 1.917799781270575476e-05 1.959716016996551253e-05 1.981094841839113992e-05 1.901509002255623624e-05 1.776951881177609777e-05 1.572917585764679530e-05 1.325180940517197822e-05 1.044629347232574545e-05 7.872548672661697019e-06 5.374724536883050097e-06 -4.085830345763262428e-06 -4.204049956103106205e-06 -4.439675612428239608e-06 -4.562489224097085882e-06 -4.554068803664339548e-06 -4.209670806827641703e-06 -3.471773109319235409e-06 -2.486526201746602264e-06 -6.302137725602562857e-07 1.299337857090715530e-06 3.497261563582477422e-06 5.819209126139216197e-06 8.415878775248278857e-06 1.083300266247012277e-05 1.329471511571439165e-05 1.556230382374680868e-05 1.658363859622855719e-05 1.712350388892662541e-05 1.694082197504530045e-05 1.597682604542692621e-05 1.448827469409288029e-05 1.233239330202650401e-05 1.017693819324939771e-05 8.120250872700192669e-06 6.305143537514735838e-06
1.399505846695683336e-06 1.783035030768272787e-06 2.378988461285101098e-06 3.168622183425116239e-06 3.868002491498725267e-06 4.763158919666647262e-06 5.880507239721811371e-06 7.158149693606394985e-06 8.983999518968643192e-06 1.085082799749743721e-05 1.261133681485292638e-05 1.472288822276044071e-05 1.736919957636919691e-05 1.945433355646552294e-05 2.132264213308255696e-05 2.294137529489643679e-05 2.365099128179253679e-05 2.406226769699801288e-05 2.330533228836588488e-05 2.195513355728513050e-05 1.955994050544745827e-05 1.661374841710994450e-05 1.326703118465277084e-05 1.010813360936495102e-05 7.035706806334464249e-06 -4.782855302259693783e-06 -4.986542176608747466e-06 -5.360123760634574576e-06 -5.570466018518175415e-06 -5.658016181720138956e-06 -5.346362814022078934e-06 -4.553295584846490169e-06 -3.445798971971678376e-06 -1.336279966013587660e-06 9.361579173222902669e-07 3.558486989005691664e-06 6.347888350461463672e-06 9.607843209115164379e-06 1.263720815911958279e-05 1.588900291222364742e-05 1.885608639289548276e-05 2.026978398814760336e-05 2.117700784180852580e-05 2.120343557453559737e-05 2.023424211280786322e-05 1.840097954387770200e-05 1.584153084714585955e-05 1.324863406013604278e-05 1.068380364424213726e-05 8.386082502324608760e-06
1.460204832981523956e-06 1.893036413614070274e-06 2.566136988434678046e-06 3.406299837499045600e-06 4.158265281003372262e-06 5.186438505457926587e-06 6.413548563305252637e-06 7.836960184696262861e-06 9.849995063789578824e-06 1.198753636955725123e-05 1.399072743451474947e-05 1.639788157752344067e-05 1.945433355646552294e-05 2.229647965686502964e-05 2.453252687772829009e-05 2.654793005686896108e-05 2.753816666975871975e-05 2.822861078576810798e-05 2.762670877792219705e-05 2.625101494877135681e-05 2.358000198598598560e-05 2.021473289157744668e-05 1.632069221217698879e-05 1.258507383057986620e-05 8.927874824856369627e-06 -5.332356439992253389e-06 -5.561770058589564013e-06 -6.048412531157933751e-06 -6.364613558998047344e-06 -6.550624583501287159e-06 -6.237516891520757090e-06 -5.469192520709639177e-06 -4.296819590329590902e-06 -1.919534545564817934e-06 6.687804310606651471e-07 3.701590003955974201e-06 6.943018726995284691e-06 1.090419195636638640e-05 1.460591599083550904e-05 1.862984123837847105e-05 2.231463390920602113e-05 2.420552668693899890e-05 2.556819091141020536e-05 2.577137030688346885e-05 2.479220155200744045e-05 2.276830606940210864e-05 1.982341000653512142e-05 1.677764969344449223e-05 1.371007471141336361e-05 1.087482149739320201e-05
1.525326013154130195e-06 1.960054445440652700e-06 2.705350627969008775e-06 3.637995218061444574e-06 4.453566733934896035e-06 5.507818228548878693e-06 6.745067078568978522e-06 8.253846708946534005e-06 1.053363626754102513e-05 1.291494992625948924e-05 1.517145966483352080e-05 1.792503145252396745e-05 2.132264213308255696e-05 2.453252687772829009e-05 2.762016548494879972e-05 3.000475293149746319e-05 3.132043794478569972e-05 3.231454648475781243e-05 3.186976558523446569e-05 3.050550201772891124e-05 2.757899832019616645e-05 2.380531508819508466e-05 1.936081905293775469e-05 1.501135672066891090e-05 1.076598142798003363e-05 -5.834568299864896340e-06 -6.130070105908886949e-06 -6.729397926034710345e-06 -7.125617600430642892e-06 -7.455287140189021277e-06 -7.267276545558031033e-06 -6.558145834600806373e-06 -5.337298073523711808e-06 -2.765545546482932739e-06 1.554375126845789319e-07 3.494197458933366177e-06 7.228741687484300459e-06 1.184209088988906777e-05 1.630240781577732388e-05 2.106938600790187239e-05 2.543172579063538030e-05 2.795747963125112484e-05 2.979221552603343384e-05 3.019292792979761810e-05 2.917684799413599044e-05 2.691719416962728962e-05 2.356266208169020197e-05 1.998097693832941597e-05 1.643342753920153129e-05 1.306909594387452017e-05
1.568007311090748155e-06 2.057142734153242211e-06 2.804859184656433371e-06 3.685006405534474107e-06 4.454088353286742514e-06 5.574185955640117950e-06 6.902924228713264229e-06 8.526848477256788016e-06 1.098095686798659931e-05 1.364178350615725725e-05 1.620826128477162505e-05 1.917799781270575476e-05 2.294137529489643679e-05 2.654793005686896108e-05 3.000475293149746319e-05 3.327690892152780942e-05 3.491263587555856816e-05 3.625153287204463517e-05 3.601248464225704436e-05 3.473356332340259459e-05 3.168729658975612181e-05 2.761273454775205004e-05 2.261048256756064068e-05 1.765592876831793633e-05 1.279449289248871695e-05 -6.472228500385201883e-06 -6.805636241153408859e-06 -7.513223778188890021e-06 -8.055316788240830206e-06 -8.563525404423070594e-06 -8.484668716427955636e-06 -7.874904668190475871e-06 -6.685280933970309641e-06 -4.015400503824767358e-06 -8.133646633328924711e-07 2.780859687507295136e-06 6.918414455669278144e-06 1.213329743801967972e-05 1.713212712972503256e-05 2.281041396760943906e-05 2.805891551700575754e-05 3.131924724307990092e-05 3.379867548406035287e-05 3.453520487784969171e-05 3.366766145229763965e-05 3.129763251573382900e-05 2.764923159579189349e-05 2.364082281662742150e-05 1.956624147899499507e-05 1.563672547573862704e-05
1.589224629157989481e-06 2.090178992372450488e-06 2.776649970634792347e-06 3.621412943326755038e-06 4.391441002341595129e-06 5.513005800065045628e-06 6.793499359914488271e-06 8.508697253094754656e-06 1.107553454061684118e-05 1.378841795261954435e-05 1.645423631857546886e-05 1.959716016996551253e-05 2.365099128179253679e-05 2.753816666975871975e-05 3.132043794478569972e-05 3.491263587555856816e-05 3.736675964611253488e-05 3.896649494193113456e-05 3.895807708235555589e-05 3.785323840248738586e-05 3.480917169744151391e-05 3.051695521630310351e-05 2.517036199975950853e-05 1.966269685645096737e-05 1.431701664344088469e-05 -6.772079363723867290e-06 -7.181641328091961498e-06 -8.030123866768112728e-06 -8.710815707278520535e-06 -9.391482850704320641e-06 -9.459908421853941983e-06 -9.016047463844322084e-06 -7.996966931652470589e-06 -5.327912142630026126e-06 -2.133634776162520783e-06 1.582737824435229554e-06 5.925277145615667846e-06 1.145121162183829947e-05 1.693857331892290413e-05 2.332663495864805174e-05 2.935805825518894769e-05 3.334205894026861383e-05 3.651167277699210608e-05 3.766702403455082223e-05 3.705999197980695717e-05 3.468286216863392834e-05 3.084481232197587087e-05 2.650298915313834940e-05 2.196874972910443208e-05 1.751408410316311926e-05
1.544116268039788844e-06 2.029670641386679790e-06 2.719171327810001949e-06 3.560682942228207845e-06 4.295995883604936137e-06 5.423345197311341116e-06 6.701037543960500856e-06 8.441218128461285114e-06 1.103857612435448484e-05 1.380669701418436758e-05 1.651787030673493103e-05 1.981094841839113992e-05 2.406226769699801288e-05 2.822861078576810798e-05 3.231454648475781243e-05 3.625153287204463517e-05 3.896649494193113456e-05 4.137522062336648217e-05 4.175895457906778465e-05 4.095102336841044573e-05 3.810976688259455413e-05 3.388455365727363556e-05 2.829647916810247560e-05 2.244872623802661080e-05 1.661437927806105934e-05 -6.962682031129801013e-06 -7.398581360820499558e-06 -8.331666959498020109e-06 -9.099028002404157723e-06 -9.885532673243807304e-06 -1.008350845637003002e-05 -9.845789330435311275e-06 -8.931078410973851734e-06 -6.240061583014546797e-06 -3.066407221928240773e-06 6.094274139636407546e-07 5.043376886529443953e-06 1.080357838180770142e-05 1.665847684514408497e-05 2.366987447822961211e-05 3.038088772194866142e-05 3.508002085096872746e-05 3.895012452490737178e-05 4.080539116921471553e-05 4.064519075136422256e-05 3.846290080126125934e-05 3.466998567468986811e-05 3.022124722429080061e-05 2.534150568633328888e-05 2.038074857844788412e-05
1.376242549957040851e-06 1.803102851292942121e-06 2.512781298998109349e-06 3.306571535097418111e-06 4.024916325803036390e-06 5.130960693675039639e-06 6.302094844839810843e-06 7.957764772815693544e-06 1.037964511640956021e-05 1.302854715219432356e-05 1.573951717096770556e-05 1.901509002255623624e-05 2.330533228836588488e-05 2.762670877792219705e-05 3.186976558523446569e-05 3.601248464225704436e-05 3.895807708235555589e-05 4.175895457906778465e-05 4.293899666293762651e-05 4.252256122701296654e-05 3.997372643391031762e-05 3.594933107179597255e-05 3.043624610699570526e-05 2.440361734314516062e-05 1.830408124288851823e-05 -6.727744344486994716e-06 -7.198065558364487125e-06 -8.209954326511053810e-06 -9.073752612738167082e-06 -9.969609756377031772e-06 -1.028605040344327632e-05 -1.025170050186275774e-05 -9.436262739327513140e-06 -6.956095643385857980e-06 -3.981508790697878737e-06 -5.432465137272155849e-07 3.849589029197414019e-06 9.644711304636930331e-06 1.572826163188663945e-05 2.305226781969077715e-05 3.018071431764563465e-05 3.542541963473709522e-05 4.003654088429660802e-05 4.255121734159782339e-05 4.287327575165677303e-05 4.096804389527364444e-05 3.733015117962015653e-05 3.285838698696968031e-05 2.779052444643560966e-05 2.251479334324646889e-05
1.184723020658370685e-06 1.547458625582853274e-06 2.237104651799882618e-06 2.929386391142907732e-06 3.623217927239869790e-06 4.627144026204366564e-06 5.665008620255328241e-06 7.249918491997591449e-06 9.545526241449240151e-06 1.203418646587858095e-05 1.461641357545869052e-05 1.776951881177609777e-05 2.195513355728513050e-05 2.625101494877135681e-05 3.050550201772891124e-05 3.473356332340259459e-05 3.785323840248738586e-05 4.095102336841044573e-05 4.252256122701296654e-05 4.277971216716834813e-05 4.060089734306587854e-05 3.694956460148482224e-05 3.170552572683205177e-05 2.575152442056549690e-05 1.961436229075644869e-05 -6.539285603778146919e-06 -7.018799913845067446e-06 -8.076180776176826177e-06 -8.990622754295038628e-06 -9.998841652912521924e-06 -1.042426657420368046e-05 -1.060614004412727006e-05 -1.001241659777986833e-05 -7.771584420196028066e-06 -5.097322829983468784e-06 -1.987891199426426882e-06 2.154477082884578486e-06 7.744573656611505779e-06 1.369925739476187362e-05 2.105903008097221441e-05 2.840026343191165290e-05 3.403075287989777297e-05 3.920780412085314831e-05 4.233653180202405091e-05 4.329687603556306772e-05 4.191376281373940363e-05 3.868768716463653700e-05 3.445460440590030729e-05 2.945784719085049871e-05 2.408743076823597723e-05
1.031463370715460456e-06 1.335315622822900842e-06 1.909870175866166615e-06 2.466226582130732194e-06 3.046550920471071896e-06 3.906827894307339322e-06 4.814551424716271819e-06 6.267099467091834857e-06 8.331616438808197022e-06 1.055185961221869476e-05 1.286675062784957906e-05 1.572917585764679530e-05 1.955994050544745827e-05 2.358000198598598560e-05 2.757899832019616645e-05 3.168729658975612181e-05 3.480917169744151391e-05 3.810976688259455413e-05 3.997372643391031762e-05 4.060089734306587854e-05 3.922948884679622686e-05 3.615078484752527239e-05 3.143548293773335543e-05 2.586146645427296836e-05 1.994662096639208116e-05 -5.964665468035653660e-06 -6.434753098878478734e-06 -7.443536535648677357e-06 -8.338720326686889224e-06 -9.362221646292973319e-06 -9.841089172609769490e-06 -1.023804992670742933e-05 -9.855222387174103490e-06 -7.920337723928919799e-06 -5.632162663674747956e-06 -2.972957916021974124e-06 7.257362679125293961e-07 5.795043763575208250e-06 1.131555617439748056e-05 1.834511463536478719e-05 2.546977464517600741e-05 3.118981577978066421e-05 3.663575656414185807e-05 4.025857065031519566e-05 4.178228783370807462e-05 4.100965888110361411e-05 3.829897554220462622e-05 3.453265929956238033e-05 2.977163826484387056e-05 2.448590281340328381e-05
7.623710506143727040e-07 9.946494300456401731e-07 1.498273738434788513e-06 1.951861196429642805e-06 2.410310017372437261e-06 3.090683945915366909e-06 3.825488075565011730e-06 5.057902022491551242e-06 6.861635176855738959e-06 8.774844715703388793e-06 1.078453653944430470e-05 1.325180940517197822e-05 1.661374841710994450e-05 2.021473289157744668e-05 2.380531508819508466e-05 2.761273454775205004e-05 3.051695521630310351e-05 3.388455365727363556e-05 3.594933107179597255e-05 3.694956460148482224e-05 3.615078484752527239e-05 3.400427266754066103e-05 2.999098889316341036e-05 2.507958953526108798e-05 1.964399117808002964e-05 -5.222389261320557157e-06 -5.671141138566330196e-06 -6.610714397345513741e-06 -7.461761344828241342e-06 -8.427208454673972189e-06 -8.925617760817860903e-06 -9.505176478559657194e-06 -9.274172819460549440e-06 -7.671085808749801503e-06 -5.820420789942829964e-06 -3.703219518971862563e-06 -4.999076521636801044e-07 3.920658997579330538e-06 8.834785312129885484e-06 1.520271696404922390e-05 2.175198325346114632e-05 2.721002479823450944e-05 3.261304210006244408e-05 3.642989734143429873e-05 3.841604430812272882e-05 3.833326694786955120e-05 3.634096065079312697e-05 3.322733682371314560e-05 2.898486615222619774e-05 2.405549058188929644e-05
5.276311356017942591e-07 6.771005152259074030e-07 1.097477289931279020e-06 1.440788501900188012e-06 1.805381197320723505e-06 2.319018129060562603e-06 2.865051888618081069e-06 3.848860596745479951e-06 5.281767564850661270e-06 6.788988126527554193e-06 8.400889619828996269e-06 1.044629347232574545e-05 1.326703118465277084e-05 1.632069221217698879e-05 1.936081905293775469e-05 2.261048256756064068e-05 2.517036199975950853e-05 2.829647916810247560e-05 3.043624610699570526e-05 3.170552572683205177e-05 3.143548293773335543e-05 2.999098889316341036e-05 2.708077160059121574e-05 2.304080491176589761e-05 1.841227211943480664e-05 -4.219220938216155733e-06 -4.611400993667807673e-06 -5.444583602579732169e-06 -6.205545895428082262e-06 -7.097003041527163980e-06 -7.603768451327460349e-06 -8.289672541189209201e-06 -8.184919347999253410e-06 -6.993347220136268336e-06 -5.671326126084133590e-06 -4.148582466801897209e-06 -1.591261565006667773e-06 2.024763409419562747e-06 6.070405254950482076e-06 1.140733704563080793e-05 1.703703416919236400e-05 2.190234985952323687e-05 2.685705534728712450e-05 3.065245450090075234e-05 3.297818741945167083e-05 3.349195010088966786e-05 3.231719131761682812e-05 3.010776126452915848e-05 2.670492830528995503e-05 2.248826056606047710e-05
3.201666825518201230e-07 4.149689070638555062e-07 7.352783629230770682e-07 9.699617422114219159e-07 1.226557657715142999e-06 1.598900728964050917e-06 2.009830007578940154e-06 2.770857702866510575e-06 3.882945862251666455e-06 5.015265939372298378e-06 6.269856204872733459e-06 7.872548672661697019e-06 1.010813360936495102e-05 1.258507383057986620e-05 1.501135672066891090e-05 1.765592876831793633e-05 1.966269685645096737e-05 2.244872623802661080e-05 2.440361734314516062e-05 2.575152442056549690e-05 2.586146645427296836e-05 2.507958953526108798e-05 2.304080491176589761e-05 2.009710885188535469e-05 1.639162328994248169e-05 -3.290055356109431895e-06 -3.616891109210215244e-06 -4.298544415580643075e-06 -4.910900233070911229e-06 -5.663862118221931217e-06 -6.089345215786225818e-06 -6.790931125925657722e-06 -6.769679173126575844e-06 -5.889415954419146583e-06 -4.953403584279474454e-06 -3.900616125082218440e-06 -1.942643687097726444e-06 8.586202165107141590e-07 4.030830273931019262e-06 8.255144259615744348e-06 1.278743544668859607e-05 1.679900739429151480e-05 2.098422079703951719e-05 2.439923300220148814e-05 2.671203295830342216e-05 2.763122957060783099e-05 2.718236454001528185e-05 2.580983958580323088e-05 2.331508868510605881e-05 1.995966723784530769e-05
1.539072054230280323e-07 1.910773909602698136e-07 4.188848207104986649e-07 5.470420617479168762e-07 7.310473571841440291e-07 9.432784645521200568e-07 1.204149978204099437e-06 1.740481265360703278e-06 2.558560354125559846e-06 3.353305068256674175e-06 4.229193235822038080e-06 5.374724536883050097e-06 7.035706806334464249e-06 8.927874824856369627e-06 1.076598142798003363e-05 1.279449289248871695e-05 1.431701664344088469e-05 1.661437927806105934e-05 1.830408124288851823e-05 1.961436229075644869e-05 1.994662096639208116e-05 1.964399117808002964e-05 1.841227211943480664e-05 1.639162328994248169e-05 1.373870616260771096e-05 -2.375289435297003896e-06 -2.635221980228458224e-06 -3.169553811530647040e-06 -3.653730185627390922e-06 -4.260653950189678372e-06 -4.629340432148451000e-06 -5.313250229186004410e-06 -5.378871424055508577e-06 -4.808935345910359270e-06 -4.249751632021357345e-06 -3.623947935480812822e-06 -2.233998305083629057e-06 -2.014645833936343760e-07 2.139612247873594926e-06 5.277091028716402584e-06 8.735910818740492867e-06 1.188045085170020457e-05 1.521956425535404916e-05 1.809948584343962078e-05 2.019348285016301839e-05 2.129326106782125205e-05 2.137099583939635792e-05 2.070978927891970560e-05 1.908795319434429546e-05 1.663553084057842977e-05
-2.431477099802162830e-07 -3.633195544273485271e-07 -5.119224415189500955e-07 -6.922973379119588698e-07 -8.784295422863340264e-07 -1.135225097439236595e-06 -1.501483583895656870e-06 -1.888394370858786490e-06 -2.445608941360257158e-06 -3.046243291157887966e-06 -3.549686922175666026e-06 -4.085830345763262428e-06 -4.782855302259693783e-06 -5.332356439992253389e-06 -5.834568299864896340e-06 -6.472228500385201883e-06 -6.772079363723867290e-06 -6.962682031129801013e-06 -6.727744344486994716e-06 -6.539285603778146919e-06 -5.964665468035653660e-06 -5.222389261320557157e-06 -4.219220938216155733e-06 -3.290055356109431895e-06 -2.375289435297003896e-06 2.779646742823059346e-06 2.961733543835739219e-06 3.210880295705997542e-06 3.472816744437866256e-06 3.621061986830128610e-06 3.681554235045762800e-06 3.598655396927607737e-06 3.479796657100492162e-06 2.916880569724980268e-06 2.337680155215621751e-06 1.739757671431801652e-06 9.286907699170933420e-07 -5.027922439723022394e-08 -1.104787457363632430e-06 -2.415975222198164990e-06 -3.557494049821295578e-06 -4.456016346019867145e-06 -5.144441413987140261e-06 -5.566649480436837033e-06 -5.723850666936152598e-06 -5.530902004684300896e-06 -4.973311437136962873e-06 -4.312802323672317667e-06 -3.614418491045569017e-06 -2.915156140891812813e-06
-2.109020181020385955e-07 -3.215572736657390277e-07 -4.568108763535211916e-07 -6.422516458273685567e-07 -8.414712402952735432e-07 -1.122095353557153709e-06 -1.476962952694743491e-06 -1.888202623593365286e-06 -2.461436052696138020e-06 -3.053925776198838874e-06 -3.587622133096756039e-06 -4.204049956103106205e-06 -4.986542176608747466e-06 -5.561770058589564013e-06 -6.130070105908886949e-06 -6.805636241153408859e-06 -7.181641328091961498e-06 -7.398581360820499558e-06 -7.198065558364487125e-06 -7.018799913845067446e-06 -6.434753098878478734e-06 -5.671141138566330196e-06 -4.611400993667807673e-06 -3.616891109210215244e-06 -2.635221980228458224e-06 2.961733543835739219e-06 3.258804644409794059e-06 3.555888297830483111e-06 3.871972429973828895e-06 4.067509285710780212e-06 4.171616994746261044e-06 4.153993037331291951e-06 4.072971960476198262e-06 3.554091663760834561e-06 2.992914685434895493e-06 2.368308743690893755e-06 1.482269588165825108e-06 4.481437199207743443e-07 -7.257070708431655176e-07 -2.161498343291375943e-06 -3.443488916721594321e-06 -4.471656819237140488e-06 -5.293811338137793073e-06 -5.845474880001111855e-06 -6.103858095438220380e-06 -5.943142467202078240e-06 -5.385700599434301010e-06 -4.712198532235310555e-06 -4.005263097083192900e-06 -3.263226716099763836e-06
-1.481324300660709164e-07 -2.406710424813218848e-07 -3.907961589317842234e-07 -5.845808652211137409e-07 -7.825823064140945135e-07 -1.081978616393411136e-06 -1.443377856039154683e-06 -1.896087933535376809e-06 -2.491015405547639235e-06 -3.102004485653533115e-06 -3.703187744825966369e-06 -4.439675612428239608e-06 -5.360123760634574576e-06 -6.048412531157933751e-06 -6.729397926034710345e-06 -7.513223778188890021e-06 -8.030123866768112728e-06 -8.331666959498020109e-06 -8.209954326511053810e-06 -8.076180776176826177e-06 -7.443536535648677357e-06 -6.610714397345513741e-06 -5.444583602579732169e-06 -4.298544415580643075e-06 -3.169553811530647040e-06 3.210880295705997542e-06 3.555888297830483111e-06 4.033339668072984062e-06 4.441776901093844833e-06 4.691751481776168676e-06 4.853090820814096401e-06 4.922145666807793419e-06 4.889803726732870199e-06 4.382759383008850155e-06 3.813892620572329934e-06 3.142295498374242815e-06 2.154496451955187851e-06 9.470947550177562817e-07 -3.994661058308870919e-07 -2.158593751818814319e-06 -3.703220099675525006e-06 -4.976232894058067491e-06 -6.064172408049212791e-06 -6.813402299821650585e-06 -7.201642448740122604e-06 -7.046840399514919515e-06 -6.466365246353121226e-06 -5.709671081994053479e-06 -4.873440955839292144e-06 -3.985997218861645435e-06
-6.644801757379876242e-08 -1.693868276580350295e-07 -3.165789974304463226e-07 -5.006717428205244311e-07 -6.989234464052141242e-07 -9.961858636518680364e-07 -1.345133882669383167e-06 -1.839782370742194775e-06 -2.441144642553688243e-06 -3.048427501175285026e-06 -3.721316531350901387e-06 -4.562489224097085882e-06 -5.570466018518175415e-06 -6.364613558998047344e-06 -7.125617600430642892e-06 -8.055316788240830206e-06 -8.710815707278520535e-06 -9.099028002404157723e-06 -9.073752612738167082e-06 -8.990622754295038628e-06 -8.338720326686889224e-06 -7.461761344828241342e-06 -6.205545895428082262e-06 -4.910900233070911229e-06 -3.653730185627390922e-06 3.472816744437866256e-06 3.871972429973828895e-06 4.441776901093844833e-06 5.051274786316665005e-06 5.364374716284764873e-06 5.618616930821723692e-06 5.797231106596557814e-06 5.841408549682373214e-06 5.379407936966738710e-06 4.821810361792793975e-06 4.179296888078353607e-06 3.139255100099361968e-06 1.813553481544581422e-06 2.935495935942014847e-07 -1.728714836181438791e-06 -3.550744875202430279e-06 -5.113261122548959541e-06 -6.491204485589280677e-06 -7.474523722995866423e-06 -8.029041535988858575e-06 -7.955087562695432535e-06 -7.383735096776520386e-06 -6.560474660755061367e-06 -5.608926829294367253e-06 -4.601470461353926160e-06
-5.488618295533148066e-10 -1.132723216605712401e-07 -2.537655239027268864e-07 -4.202877725580941052e-07 -5.991555988979589961e-07 -8.655192054480854173e-07 -1.180305629064926067e-06 -1.666197197118422115e-06 -2.303018999056160197e-06 -2.943640881040900289e-06 -3.676316093421403652e-06 -4.554068803664339548e-06 -5.658016181720138956e-06 -6.550624583501287159e-06 -7.455287140189021277e-06 -8.563525404423070594e-06 -9.391482850704320641e-06 -9.885532673243807304e-06 -9.969609756377031772e-06 -9.998841652912521924e-06 -9.362221646292973319e-06 -8.427208454673972189e-06 -7.097003041527163980e-06 -5.663862118221931217e-06 -4.260653950189678372e-06 3.621061986830128610e-06 4.067509285710780212e-06 4.691751481776168676e-06 5.364374716284764873e-06 5.914802712460751396e-06 6.247831310488106968e-06 6.524194710279538465e-06 6.678399717221554185e-06 6.238247523318896430e-06 5.752331691275725999e-06 5.143405140958572969e-06 4.047067954147947200e-06 2.571745707842576470e-06 9.044883476273936584e-07 -1.374557902374270727e-06 -3.484082171584022905e-06 -5.359773590676996201e-06 -7.064062791598555905e-06 -8.278865993655406394e-06 -9.039898365017609333e-06 -9.078439066576606055e-06 -8.549200638616370008e-06 -7.673831927783102708e-06 -6.622471534331707407e-06 -5.467954198960285565e-06
8.271564826970537997e-08 -2.771273758423112557e-08 -1.489926340355747074e-07 -2.771387427997011115e-07 -3.916568865862900882e-07 -6.142503663921545911e-07 -8.809386324056539911e-07 -1.341367720076270011e-06 -1.973353725240422452e-06 -2.604077568063306106e-06 -3.325567024025655990e-06 -4.209670806827641703e-06 -5.346362814022078934e-06 -6.237516891520757090e-06 -7.267276545558031033e-06 -8.484668716427955636e-06 -9.459908421853941983e-06 -1.008350845637003002e-05 -1.028605040344327632e-05 -1.042426657420368046e-05 -9.841089172609769490e-06 -8.925617760817860903e-06 -7.603768451327460349e-06 -6.089345215786225818e-06 -4.629340432148451000e-06 3.681554235045762800e-06 4.171616994746261044e-06 4.853090820814096401e-06 5.618616930821723692e-06 6.247831310488106968e-06 6.886064516897020224e-06 7.264907780900605613e-06 7.526621827613584471e-06 7.209531655021520903e-06 6.802806418120590065e-06 6.336963690155455804e-06 5.290248338897679152e-06 3.836724562794422029e-06 2.098420461777424306e-06 -3.260670520686925795e-07 -2.611092350630598524e-06 -4.817544946963820394e-06 -6.737211405103733825e-06 -8.179385909842382325e-06 -9.133405177016075963e-06 -9.303473297980853951e-06 -8.863097641695128726e-06 -8.051150257008632502e-06 -7.028492921910804120e-06 -5.852380388888942103e-06
