5.394117276208436351e+02 3.748255016771660841e+00 6.621900356505067364e+00 -1.151153324540247214e+00 4.312680588783096347e+00 5.218725156756716999e+00 -6.461472346498865482e-01 8.812626911012623410e+00 -4.053841340466240339e+00 4.088833750425761693e+00 -1.926264540687834259e+00 4.534505007705782020e+00 1.224871578327113714e-01 4.665959232042028226e+00 1.179381158913522576e+00 -8.270889213654682992e-01 -2.098144768775037861e+00 3.637315315315755582e-01 -1.460400957895816809e+00 5.325752973162386494e-01
3.748255016771660841e+00 3.711735302327933255e+02 1.186067218112317434e+01 -3.383593976803095593e+00 1.362109114919764075e+01 -8.645149254194354427e+00 -2.174211137269176586e+00 6.902927442525573554e+00 3.976501445529815548e+00 -3.419657139644163291e+00 -2.711516435483463994e+00 1.103520795731664644e-01 -5.352777830502133960e-02 1.138436900877073665e-01 -1.303160826690745733e+00 7.526232647700658029e-01 8.189485159841290995e-01 -2.500987025139105036e-02 2.516377117274661290e-01 -1.997890028076131086e-02
6.621900356505067364e+00 1.186067218112317434e+01 2.435010038668291372e+02 5.551722642059585766e+00 -7.403331886625419855e+00 3.684619929004719463e+00 2.896771986966541479e-01 -2.010343269534633048e+00 7.809225960659638588e+00 3.499248334629043278e+00 2.409380261310422711e+00 -2.995033834592586874e+00 -1.176280433395200165e+00 -3.190522622919744755e-01 -2.158261222793119716e-01 -1.624784797225481636e+00 -7.595465505615963675e-01 -8.639171975147340587e-01 4.527442886898007113e-01 6.009623055496557953e-01
-1.151153324540247214e+00 -3.383593976803095593e+00 5.551722642059585766e+00 1.620893578351261226e+02 1.098583619186002780e+00 7.433142104301842856e+00 -1.786015780680159315e+00 -7.494177262545870244e-01 -1.697273815221683302e+00 -1.074838430740320538e-01 1.040881144516905055e+00 7.191541666203477012e-01 -1.125568049133404358e+00 6.515952190001778055e-01 -1.455135960945409757e+00 8.048919131118276171e-02 -3.565184072600238729e-02 -1.106877980920488280e+00 -2.331387888856587334e-02 1.820802043796581893e-01
4.312680588783096347e+00 1.362109114919764075e+01 -7.403331886625419855e+00 1.098583619186002780e+00 1.184056112063825026e+02 2.342318566710713590e+00 1.315232375302307188e+00 -2.806555526668439882e+00 -5.107133494780806693e-01 7.287220878435020088e-01 8.274755058522442752e-01 -1.526865374877480530e+00 9.148593936014304262e-01 7.715773862801263983e-01 -7.725731652986070896e-01 -5.331741051594662828e-01 -2.003980729284245491e-02 -6.560275386318815682e-01 1.289802284521990861e-01 4.735811521948788405e-01
5.218725156756716999e+00 -8.645149254194354427e+00 3.684619929004719463e+00 7.433142104301842856e+00 2.342318566710713590e+00 7.848232215054551375e+01 2.389619793876343490e+00 -2.088284610228928084e+00 -1.013584466991124033e+00 -6.419607865520337020e-01 2.429635962869064192e-01 5.761713249885191263e-02 3.779143819456818321e-01 3.643138120783230849e-01 -3.671418564619241542e-01 -2.955148857935342432e-01 -2.057122805274102795e-01 2.330696455333724770e-01 7.963081288080368914e-02 4.172448256843753756e-01
-6.461472346498865482e-01 -2.174211137269176586e+00 2.896771986966541479e-01 -1.786015780680159315e+00 1.315232375302307188e+00 2.389619793876343490e+00 5.097323465830573497e+01 4.455232220208524274e-01 1.701003519643165207e+00 -8.134769203243809033e-01 -4.167586209937806235e-02 5.895675621497907803e-01 4.412127756169140769e-01 1.112040522904657741e-01 6.794150518918552761e-02 -2.100458071557783635e-01 1.516430642924641303e-01 1.757197759763452494e-01 -1.283300816660564447e-01 -5.945281891573325761e-02
8.812626911012623410e+00 6.902927442525573554e+00 -2.010343269534633048e+00 -7.494177262545870244e-01 -2.806555526668439882e+00 -2.088284610228928084e+00 4.455232220208524274e-01 3.513702821154311096e+01 3.995146296173549549e-01 -7.751402194024479275e-01 -2.143393382086540844e-01 -3.508349909591583216e-01 -1.804818618423589538e-01 4.333661838936653243e-01 -5.791038838494815336e-03 3.518871272965804625e-02 -5.947596919837088159e-01 -1.659643310435066632e-01 3.821151513382099740e-02 8.414551684855196834e-02
-4.053841340466240339e+00 3.976501445529815548e+00 7.809225960659638588e+00 -1.697273815221683302e+00 -5.107133494780806693e-01 -1.013584466991124033e+00 1.701003519643165207e+00 3.995146296173549549e-01 2.387748559258216829e+01 -1.134060124398072605e-01 -4.854610592982782635e-01 -2.843506246942834603e-01 5.840988828488719031e-01 1.750640060556231045e-02 -4.241911937070252381e-01 2.372532692095141171e-01 -1.653881603236747322e-01 2.040400636476067536e-02 -1.501942196760615023e-01 3.041966153859280708e-01
4.088833750425761693e+00 -3.419657139644163291e+00 3.499248334629043278e+00 -1.074838430740320538e-01 7.287220878435020088e-01 -6.419607865520337020e-01 -8.134769203243809033e-01 -7.751402194024479275e-01 -1.134060124398072605e-01 1.788384579282796238e+01 6.322747337756981501e-02 4.278145620522037784e-02 -7.174474167233860222e-02 -1.865370390482711804e-01 3.847219310612915444e-01 -7.131066909807527721e-02 -2.592888588452684773e-01 1.256019222942884039e-01 7.427236501376567601e-02 4.978415954179226006e-03
-1.926264540687834259e+00 -2.711516435483463994e+00 2.409380261310422711e+00 1.040881144516905055e+00 8.274755058522442752e-01 2.429635962869064192e-01 -4.167586209937806235e-02 -2.143393382086540844e-01 -4.854610592982782635e-01 6.322747337756981501e-02 1.244454396557734732e+01 -1.149982853042827713e-01 -1.732758964828292822e-02 8.080918518300179987e-03 2.772541605299143064e-01 -6.404659921249358789e-02 -5.434962293809454670e-02 -1.712090805988815412e-01 -8.826481263748664485e-02 4.979663773829173801e-02
4.534505007705782020e+00 1.103520795731664644e-01 -2.995033834592586874e+00 7.191541666203477012e-01 -1.526865374877480530e+00 5.761713249885191263e-02 5.895675621497907803e-01 -3.508349909591583216e-01 -2.843506246942834603e-01 4.278145620522037784e-02 -1.149982853042827713e-01 7.922551283092460039e+00 1.291607089521015338e-03 2.713233793502951574e-01 -9.043802500976538816e-02 1.717705545462694036e-02 -3.435460342916974580e-02 1.233350510804224476e-01 6.062246611325763229e-02 2.002439920283416164e-01
1.224871578327113714e-01 -5.352777830502133960e-02 -1.176280433395200165e+00 -1.125568049133404358e+00 9.148593936014304262e-01 3.779143819456818321e-01 4.412127756169140769e-01 -1.804818618423589538e-01 5.840988828488719031e-01 -7.174474167233860222e-02 -1.732758964828292822e-02 1.291607089521015338e-03 5.403004732602925131e+00 4.175124080120790060e-02 1.062860697475099953e-01 -1.212002508825630320e-01 1.209590128572547579e-01 3.071672730222026193e-02 1.462076980830682819e-02 6.987426857443893025e-02
4.665959232042028226e+00 1.138436900877073665e-01 -3.190522622919744755e-01 6.515952190001778055e-01 7.715773862801263983e-01 3.643138120783230849e-01 1.112040522904657741e-01 4.333661838936653243e-01 1.750640060556231045e-02 -1.865370390482711804e-01 8.080918518300179987e-03 2.713233793502951574e-01 4.175124080120790060e-02 4.393118529460338095e+00 -3.290629936008000918e-03 -1.122935927640341391e-01 -8.194281147317616920e-02 -7.982360763313715857e-02 -1.432117333190281901e-02 8.571926263554796588e-02
1.179381158913522576e+00 -1.303160826690745733e+00 -2.158261222793119716e-01 -1.455135960945409757e+00 -7.725731652986070896e-01 -3.671418564619241542e-01 6.794150518918552761e-02 -5.791038838494815336e-03 -4.241911937070252381e-01 3.847219310612915444e-01 2.772541605299143064e-01 -9.043802500976538816e-02 1.062860697475099953e-01 -3.290629936008000918e-03 3.247509951589564903e+00 -6.033922140942699769e-02 -7.070044659392935027e-02 -8.612334689371249630e-02 -5.716006133394303107e-02 3.481845670986433855e-03
-8.270889213654682992e-01 7.526232647700658029e-01 -1.624784797225481636e+00 8.048919131118276171e-02 -5.331741051594662828e-01 -2.955148857935342432e-01 -2.100458071557783635e-01 3.518871272965804625e-02 2.372532692095141171e-01 -7.131066909807527721e-02 -6.404659921249358789e-02 1.717705545462694036e-02 -1.212002508825630320e-01 -1.122935927640341391e-01 -6.033922140942699769e-02 2.190176627289488476e+00 5.149804537529515530e-02 2.382939762744830034e-02 3.802284150672641250e-02 4.864756207210865074e-02
-2.098144768775037861e+00 8.189485159841290995e-01 -7.595465505615963675e-01 -3.565184072600238729e-02 -2.003980729284245491e-02 -2.057122805274102795e-01 1.516430642924641303e-01 -5.947596919837088159e-01 -1.653881603236747322e-01 -2.592888588452684773e-01 -5.434962293809454670e-02 -3.435460342916974580e-02 1.209590128572547579e-01 -8.194281147317616920e-02 -7.070044659392935027e-02 5.149804537529515530e-02 1.809728631480454597e+00 5.684890781971759649e-02 -7.516149692993803755e-02 1.733538671012099103e-02
3.637315315315755582e-01 -2.500987025139105036e-02 -8.639171975147340587e-01 -1.106877980920488280e+00 -6.560275386318815682e-01 2.330696455333724770e-01 1.757197759763452494e-01 -1.659643310435066632e-01 2.040400636476067536e-02 1.256019222942884039e-01 -1.712090805988815412e-01 1.233350510804224476e-01 3.071672730222026193e-02 -7.982360763313715857e-02 -8.612334689371249630e-02 2.382939762744830034e-02 5.684890781971759649e-02 1.307735263579157481e+00 2.015569577036394402e-02 -4.307752490412568996e-02
-1.460400957895816809e+00 2.516377117274661290e-01 4.527442886898007113e-01 -2.331387888856587334e-02 1.289802284521990861e-01 7.963081288080368914e-02 -1.283300816660564447e-01 3.821151513382099740e-02 -1.501942196760615023e-01 7.427236501376567601e-02 -8.826481263748664485e-02 6.062246611325763229e-02 1.462076980830682819e-02 -1.432117333190281901e-02 -5.716006133394303107e-02 3.802284150672641250e-02 -7.516149692993803755e-02 2.015569577036394402e-02 9.601204902914987072e-01 8.960740762630594117e-03
5.325752973162386494e-01 -1.997890028076131086e-02 6.009623055496557953e-01 1.820802043796581893e-01 4.735811521948788405e-01 4.172448256843753756e-01 -5.945281891573325761e-02 8.414551684855196834e-02 3.041966153859280708e-01 4.978415954179226006e-03 4.979663773829173801e-02 2.002439920283416164e-01 6.987426857443893025e-02 8.571926263554796588e-02 3.481845670986433855e-03 4.864756207210865074e-02 1.733538671012099103e-02 -4.307752490412568996e-02 8.960740762630594117e-03 8.543497159451917122e-01
