1.362865341158375720e+01 -3.689147234073662518e-01 3.167365368834837436e-01 -3.300174248609985539e-01 -3.661321609219828771e-02 5.006562752276971090e-02 1.043487088450461703e-01 2.527177265145827759e-02 3.424048391032910588e-02 4.582218021403614699e-02 -2.431217651893165937e-02 -3.131485916472465797e-02 1.470546011882280625e-03 -1.134076514155234368e-02 -1.906382314600750874e-02 -8.768908239810696212e-03 -1.205656988014756383e-02 1.727209236668265230e-03 -4.717773996664187570e-03
-3.689147234073662518e-01 5.590968612871127341e+00 -2.118353834963654925e-01 -7.292080853577116717e-02 7.814657003175075334e-02 -2.616187071051796764e-02 -7.816616470737106082e-02 3.250779855750262487e-02 -4.178315312339096754e-02 2.702157349519677607e-02 9.277159307109841564e-04 3.054276456216146757e-03 -2.235284654242093369e-02 2.801750627205290296e-03 3.853091770021313967e-04 -9.282379473872684472e-03 1.322837794677163628e-02 -5.536803661072374873e-04 1.719891281899190490e-03
3.167365368834837436e-01 -2.118353834963654925e-01 3.968660676711445845e+00 -1.686971182750653109e-02 -6.175467444109235260e-02 8.801183952856068970e-02 -1.585728704572283640e-02 1.230785481502148261e-02 5.896830909893845118e-02 1.354314038810188435e-02 1.734475691439584313e-02 1.910872298539454534e-02 -3.514603709320154520e-03 -9.290303047012751086e-03 -8.459881501031232820e-03 1.036275879147732781e-02 6.499574944085837434e-03 9.163381893401230014e-05 2.584300189768286033e-04
-3.300174248609985539e-01 -7.292080853577116717e-02 -1.686971182750653109e-02 2.487565417508161403e+00 1.361990387359591353e-02 -3.087461658591821034e-02 -2.943017342465382991e-02 8.310837526741171252e-03 9.855677752567877127e-04 2.391788922942934478e-03 2.035627648840447959e-02 1.956164219959214551e-02 -9.356402153596480795e-03 -2.902326859332964048e-04 3.474630246568674152e-03 -5.558827644507166946e-03 -5.294532353667432377e-03 -3.107027523777795928e-03 1.542999214359084929e-03
-3.661321609219828771e-02 7.814657003175075334e-02 -6.175467444109235260e-02 1.361990387359591353e-02 1.730217759791046417e+00 4.064465351003808229e-03 4.500504364567664561e-02 -1.776794107796901209e-02 2.315427525005382334e-02 -7.719649887830815245e-03 -6.456534684175768007e-03 6.463744428128501834e-03 -4.538400808529475736e-03 5.001209859995171814e-03 4.759590247198565612e-03 6.006230516081767154e-03 -3.287537091803278185e-03 1.644657287136871353e-04 6.418706651701660236e-04
5.006562752276971090e-02 -2.616187071051796764e-02 8.801183952856068970e-02 -3.087461658591821034e-02 4.064465351003808229e-03 9.743706962229480295e-01 -3.117075339018387375e-02 -2.089253072302114933e-02 4.172352143922910964e-04 1.822150528751323353e-04 -1.940386570860835923e-03 -1.153687404114207664e-02 -7.223251613304304021e-03 -1.983114954094519766e-03 2.447513482306411074e-03 -1.218291911675432014e-03 8.606804311139695622e-04 2.298638817628435860e-03 -6.156047840700209963e-04
1.043487088450461703e-01 -7.816616470737106082e-02 -1.585728704572283640e-02 -2.943017342465382991e-02 4.500504364567664561e-02 -3.117075339018387375e-02 5.843382651269730665e-01 -2.915359576129197480e-02 -2.968673057740499354e-04 3.930945519324800970e-03 5.201802151178064586e-04 -3.225529236467510486e-03 6.482238895965361340e-03 4.739389385893559776e-05 6.359312454209773303e-04 2.378616904047279376e-03 1.300422486367252975e-03 4.783876319330164256e-04 3.531773196406305703e-04
2.527177265145827759e-02 3.250779855750262487e-02 1.230785481502148261e-02 8.310837526741171252e-03 -1.776794107796901209e-02 -2.089253072302114933e-02 -2.915359576129197480e-02 3.854460614768221993e-01 3.508699501114063979e-03 -6.961721422727927891e-03 6.852428721104237772e-04 -7.585871775414579875e-03 4.975786502452057662e-03 -6.854136609428961545e-03 -4.654719812517464639e-03 4.844321886076542608e-04 -1.055085573395823538e-03 5.632736049095884425e-04 -3.208506732174639460e-04
3.424048391032910588e-02 -4.178315312339096754e-02 5.896830909893845118e-02 9.855677752567877127e-04 2.315427525005382334e-02 4.172352143922910964e-04 -2.968673057740499354e-04 3.508699501114063979e-03 2.312868597610777954e-01 -3.371988651827409131e-03 2.365495203920856340e-03 2.382309646094705503e-03 4.536746346553596938e-03 -1.734700579262513434e-03 -7.849834459036923902e-05 -7.069101144858003086e-05 -1.049079581276170497e-03 5.181073683741047303e-04 1.212159969591479350e-03
4.582218021403614699e-02 2.702157349519677607e-02 1.354314038810188435e-02 2.391788922942934478e-03 -7.719649887830815245e-03 1.822150528751323353e-04 3.930945519324800970e-03 -6.961721422727927891e-03 -3.371988651827409131e-03 1.464349495723090144e-01 3.510511702558608092e-03 3.022410443928839983e-03 -2.065287093858851532e-03 1.666283367188837669e-03 3.298371084177422656e-04 9.381234496216358382e-04 6.589865873705091871e-04 -5.721739827881278280e-04 -6.982723361761883395e-04
-2.431217651893165937e-02 9.277159307109841564e-04 1.734475691439584313e-02 2.035627648840447959e-02 -6.456534684175768007e-03 -1.940386570860835923e-03 5.201802151178064586e-04 6.852428721104237772e-04 2.365495203920856340e-03 3.510511702558608092e-03 8.881622819157321269e-02 -3.629880719555260253e-04 -6.461948888181876156e-05 1.186265345748030615e-03 1.819998907335754028e-04 7.403345390844427113e-04 1.779068611863011615e-03 -2.226871724582128623e-05 7.326094406719768062e-05
-3.131485916472465797e-02 3.054276456216146757e-03 1.910872298539454534e-02 1.956164219959214551e-02 6.463744428128501834e-03 -1.153687404114207664e-02 -3.225529236467510486e-03 -7.585871775414579875e-03 2.382309646094705503e-03 3.022410443928839983e-03 -3.629880719555260253e-04 5.394553081969809261e-02 2.202652866007695064e-03 1.349990159438001778e-03 3.567807786372161278e-04 9.182553071767360700e-04 -9.017656297845941683e-04 -2.236231818777615189e-04 5.333257924928705559e-04
1.470546011882280625e-03 -2.235284654242093369e-02 -3.514603709320154520e-03 -9.356402153596480795e-03 -4.538400808529475736e-03 -7.223251613304304021e-03 6.482238895965361340e-03 4.975786502452057662e-03 4.536746346553596938e-03 -2.065287093858851532e-03 -6.461948888181876156e-05 2.202652866007695064e-03 3.512026774708902621e-02 8.405713460707751449e-04 7.669163871656537856e-04 9.679977520744832654e-04 7.613712298871764595e-05 3.100024082411763013e-04 -2.060420549332538315e-04
-1.134076514155234368e-02 2.801750627205290296e-03 -9.290303047012751086e-03 -2.902326859332964048e-04 5.001209859995171814e-03 -1.983114954094519766e-03 4.739389385893559776e-05 -6.854136609428961545e-03 -1.734700579262513434e-03 1.666283367188837669e-03 1.186265345748030615e-03 1.349990159438001778e-03 8.405713460707751449e-04 2.114297746491429139e-02 1.899056457373538389e-04 5.666893284411297568e-04 2.048519623076492096e-04 4.659657897542065184e-05 -2.273979802719086813e-04
-1.906382314600750874e-02 3.853091770021313967e-04 -8.459881501031232820e-03 3.474630246568674152e-03 4.759590247198565612e-03 2.447513482306411074e-03 6.359312454209773303e-04 -4.654719812517464639e-03 -7.849834459036923902e-05 3.298371084177422656e-04 1.819998907335754028e-04 3.567807786372161278e-04 7.669163871656537856e-04 1.899056457373538389e-04 1.406146576652301562e-02 5.963173503865179395e-04 4.331603746139431441e-04 3.381131307851706911e-04 -2.305289011775054024e-06
-8.768908239810696212e-03 -9.282379473872684472e-03 1.036275879147732781e-02 -5.558827644507166946e-03 6.006230516081767154e-03 -1.218291911675432014e-03 2.378616904047279376e-03 4.844321886076542608e-04 -7.069101144858003086e-05 9.381234496216358382e-04 7.403345390844427113e-04 9.182553071767360700e-04 9.679977520744832654e-04 5.666893284411297568e-04 5.963173503865179395e-04 8.276916101904641457e-03 -4.064055562400061320e-04 1.843887407094640170e-04 8.013350696803538239e-05
-1.205656988014756383e-02 1.322837794677163628e-02 6.499574944085837434e-03 -5.294532353667432377e-03 -3.287537091803278185e-03 8.606804311139695622e-04 1.300422486367252975e-03 -1.055085573395823538e-03 -1.049079581276170497e-03 6.589865873705091871e-04 1.779068611863011615e-03 -9.017656297845941683e-04 7.613712298871764595e-05 2.048519623076492096e-04 4.331603746139431441e-04 -4.064055562400061320e-04 5.449485469129393758e-03 -1.037293966027132857e-04 -6.522070340615828711e-05
1.727209236668265230e-03 -5.536803661072374873e-04 9.163381893401230014e-05 -3.107027523777795928e-03 1.644657287136871353e-04 2.298638817628435860e-03 4.783876319330164256e-04 5.632736049095884425e-04 5.181073683741047303e-04 -5.721739827881278280e-04 -2.226871724582128623e-05 -2.236231818777615189e-04 3.100024082411763013e-04 4.659657897542065184e-05 3.381131307851706911e-04 1.843887407094640170e-04 -1.037293966027132857e-04 3.222701253608727025e-03 1.078507757391286332e-04
-4.717773996664187570e-03 1.719891281899190490e-03 2.584300189768286033e-04 1.542999214359084929e-03 6.418706651701660236e-04 -6.156047840700209963e-04 3.531773196406305703e-04 -3.208506732174639460e-04 1.212159969591479350e-03 -6.982723361761883395e-04 7.326094406719768062e-05 5.333257924928705559e-04 -2.060420549332538315e-04 -2.273979802719086813e-04 -2.305289011775054024e-06 8.013350696803538239e-05 -6.522070340615828711e-05 1.078507757391286332e-04 1.928054708655511235e-03
