2.807455548885354202e-01 4.091558007798335242e-03 2.427820255771303681e-03 1.575513990429624339e-02 3.522500339796761932e-03 4.763128200131947626e-03 7.715453664247824434e-04 1.043370924880057844e-02 -4.374704423532870326e-03 -7.375172307253510112e-03 -7.390361961171328965e-03 -5.178006172622879287e-03 1.113871091994738521e-02 -3.148283709353085370e-03 4.010643140570291018e-04 -4.324599791842727824e-03 2.838116301607063012e-03 1.632639946624408708e-04 -1.976166662788761928e-03 6.317255775786877854e-05 1.504190821270216631e-03 -6.902327505637224350e-04 5.159192226152202812e-03 -9.652750366401345334e-04 3.042144801381714125e-03 4.921723099772278356e-03 2.455832622401130007e-03 4.430606199961517090e-03 -7.904793342505595953e-04 1.979788294717726039e-03 1.646686968106942988e-05 2.105189027432623379e-03 -1.513893825650784166e-03 -1.176383661034462657e-03 9.658865162521399969e-04 1.788711327930578212e-03 -1.856644362211360257e-03 -5.281970172891072100e-04 -1.612556143647442047e-03 -1.975607161504613671e-05 1.681131208484226670e-04 3.064844326580856162e-04 1.212345688615478097e-03 1.413857758321312563e-03 5.681907262332805907e-05 -8.786872362616251304e-04 -1.258025921008609728e-03 -4.177419396490144243e-04 8.376089019998034018e-04 1.398266722453105158e-03
4.091558007798335242e-03 2.495902757959582718e-01 -1.241503107674799553e-03 -8.247673810673556566e-03 2.280763683551552921e-03 4.640526893315810933e-03 1.761204120291166072e-03 -1.739444296963512954e-04 -4.813656936559085851e-03 -2.652475547030280507e-03 -4.115958655124755949e-03 -5.419576734584373966e-03 4.253038381805084728e-03 -2.017847153587146170e-03 2.344651350805873667e-04 7.757123251347048743e-04 -1.101063080122314597e-03 3.031709585895912135e-03 5.542454312032027430e-03 8.315706682614835933e-04 8.140904829586282504e-03 2.596869038640831767e-03 2.258599720664152075e-03 -3.685242384045317498e-04 -4.523573008864901351e-03 4.629041523043457042e-03 -7.429999653656675510e-04 4.247985958453732308e-03 3.690445549203006520e-03 4.290021503587687808e-03 1.628318948240001620e-03 6.015231881850297002e-04 -2.593855361369991602e-03 4.738963313975112952e-03 1.037485889394122469e-03 3.838522262921071336e-05 -1.554174469773826357e-03 -3.849734013341440746e-04 -4.359892212530801095e-04 -3.315806509592308590e-03 -1.720288130559872531e-03 4.596996538508081500e-05 -2.459966127224607756e-04 -1.506043598950778176e-03 -6.461215733134338798e-04 1.193478887705680435e-03 9.668116085545935823e-04 -1.055585008157037706e-03 -2.348946495928263926e-03 9.121639823234236819e-04
2.427820255771303681e-03 -1.241503107674799553e-03 2.046820327627910385e-01 2.963371832292144726e-03 1.036628052734563966e-02 2.045939406030947236e-03 7.645578425963295115e-03 1.920680903894116586e-03 2.735496070536957806e-03 6.829484628893698651e-03 3.122156639197970224e-03 -1.931600570231433367e-03 1.164842457895535425e-03 5.585466961248529427e-03 6.402937587120483345e-03 1.227207778695495796e-03 -5.465078465818948685e-04 7.118785671693686435e-04 6.361639289607809401e-04 -1.632140759918092451e-03 8.646759049482865243e-04 -1.226550988711538068e-03 5.896217522278566353e-04 -4.947538835540841833e-03 8.879160516410476538e-04 -2.263136068955720701e-03 1.097689802809581616e-03 -1.274371342298578859e-03 -4.151036135477278143e-03 1.559413215733871034e-03 2.385264866106172246e-04 2.144581294034997743e-03 1.030350843669642150e-03 1.007653502919123945e-03 4.955441849311796338e-04 1.400834473469606510e-03 -1.003301216628347918e-03 -1.219641533258289780e-03 -4.267569645013956662e-04 -1.449428321259847989e-04 1.252399891838971123e-03 -7.910743043701408623e-04 2.984104448428215144e-03 -2.288868739123763876e-04 2.684004305209447593e-04 1.160541119284333889e-03 8.974884770841073511e-04 3.535118547162238874e-04 -7.793050121973490270e-04 8.830129413638496865e-04
1.575513990429624339e-02 -8.247673810673556566e-03 2.963371832292144726e-03 2.002421798362878647e-01 1.639000701936497691e-03 -7.801747520257531002e-03 1.395973650536444367e-06 -5.626780197904536138e-03 -4.095525755187065693e-03 7.035861612209190485e-03 1.323887727083970876e-03 -5.527166779070000376e-03 -5.869739773436557324e-04 1.277667729680888754e-03 -2.235090140609718220e-03 2.098501377420576141e-03 6.017117653603110431e-04 8.715919073528285163e-04 -1.530490507989085928e-03 -4.091333196278614838e-03 -4.924799383263640112e-03 -4.215386153662449738e-03 4.287578462132321348e-03 1.594250554147140248e-03 1.642907741552098030e-03 -2.631573736566225445e-03 3.265884423996748883e-03 2.568470518950716815e-03 -8.207087592563008056e-04 6.473563972564550266e-04 2.202327517932145973e-03 2.087477688584570294e-04 -1.061520171335848762e-03 8.987179971951237247e-04 -1.520799010259094551e-03 4.999259751294141954e-04 -7.903158629984372366e-04 5.884654252409441668e-04 -8.511437363972376279e-04 -1.775379839209826087e-03 -2.121188977480030166e-04 2.054872671547439741e-03 6.143479347358629357e-04 1.189107858590906066e-03 1.940527511369243225e-03 -1.748768225258886242e-04 -2.117135859120280257e-04 1.840863876925617933e-03 3.899032885365528154e-04 -3.088012853198546432e-04
3.522500339796761932e-03 2.280763683551552921e-03 1.036628052734563966e-02 1.639000701936497691e-03 1.774699760382416336e-01 6.817945628792254111e-03 6.282353301893814704e-03 -1.573627231790189658e-03 1.178322700036760554e-02 5.095092826579514754e-03 3.815923485901872268e-03 -5.835391847706544385e-03 1.835485202237978298e-03 -1.986136400571160768e-03 2.584621997208018471e-03 3.896232907171179229e-03 -5.401698178292313772e-04 3.838779676284613442e-03 -2.856111603489319868e-03 -1.041795610135555668e-03 -2.664302750555840905e-03 -1.426778288706929965e-03 -4.543787184245909848e-03 2.868779139546124776e-03 -3.623401669217835957e-05 -1.916024958683561251e-03 3.249089880808641445e-03 -2.964866902347638913e-03 4.058697434686465641e-03 1.951634885974934798e-04 -5.773196772248182906e-04 1.611987048778508414e-03 1.774959148327572445e-03 -3.629586417861876469e-04 -1.381682642438515542e-03 1.055632495311104556e-03 -1.837591931086419083e-03 -1.120556834562215189e-04 1.577209491646735682e-03 -1.317615311120025421e-03 -1.684614674610035445e-03 7.763109019952373980e-04 1.456567315396241433e-03 1.454109371129444538e-03 8.790005444307127588e-04 8.426612602331032698e-04 7.041790828319365221e-05 3.775430906278434869e-04 6.612311704032558220e-04 -1.751057104721303118e-03
4.763128200131947626e-03 4.640526893315810933e-03 2.045939406030947236e-03 -7.801747520257531002e-03 6.817945628792254111e-03 1.671895334656192111e-01 7.411547043728474013e-05 1.640959743535162036e-03 -1.145281827387773475e-03 1.085050425334865799e-03 3.087610338093725940e-03 3.695115030899790223e-03 5.297000528528926630e-04 -3.175185112796689597e-03 -2.580549677770241530e-03 -1.027292430539576392e-03 1.878703456469035544e-03 -3.174061794055570585e-03 1.352576510068777011e-04 -2.392556302986357034e-03 1.359534902034174051e-03 3.333879114853718212e-03 -4.856391617331977471e-04 -1.698295300942313877e-03 -4.252548137918165045e-04 3.057343587817420300e-03 1.996007752029062409e-05 -8.038129322986979804e-04 9.186524650804143381e-04 -2.441398495757019643e-03 -2.701416172430906788e-04 -5.802085801268352244e-03 6.796151427017262537e-04 1.377114187172145000e-03 -9.133915772615750720e-04 1.163790869022632334e-03 5.730693508808052576e-04 1.445987694735865548e-03 3.354759881715291508e-04 -1.629343151411338059e-04 7.386233249206724995e-04 -5.253166688670645552e-04 2.111402630564796195e-03 1.182278404754836214e-04 -4.115489437247582495e-04 6.235609472875497253e-04 1.020808201697444989e-03 -1.144454532384900749e-03 -2.898279608809686933e-04 6.495436807481283709e-04
7.715453664247824434e-04 1.761204120291166072e-03 7.645578425963295115e-03 1.395973650536444367e-06 6.282353301893814704e-03 7.411547043728474013e-05 1.549489407321164858e-01 -8.897315716418727769e-04 -8.230433730937429396e-04 -5.813121359510753285e-04 -3.539833890994120350e-05 -7.002635645880248699e-03 7.552224353311863016e-03 -7.491520169195725783e-03 -2.099279427386716197e-03 -1.391150157473030127e-03 -2.730991958206813695e-03 -9.338931960150971502e-04 3.008303847570082627e-03 3.477481790326538303e-03 3.438204900760341142e-03 3.287908458282592407e-03 3.253262003480663928e-03 1.832224318022559594e-03 -2.571564300299165017e-03 -3.584167511633876840e-03 -1.137627503522368761e-03 -3.603713563734623794e-05 1.418810893246828016e-03 5.410869974893388248e-04 3.987342101530062517e-04 2.186498507404327583e-03 -6.759658280625748319e-04 7.089797358510386205e-05 1.198154699867838048e-03 -2.978554068686081681e-04 2.214588147497156714e-04 -3.297289373498808718e-04 -1.370751040396171998e-03 -4.878705766564455791e-04 2.352787240551874694e-05 6.582197500797765371e-04 5.089767093369694387e-04 -8.114869862188004617e-04 -3.149039388313635657e-04 1.541243037922635656e-04 -2.187129913639879197e-04 -1.773113168871084857e-03 -4.945696644414317123e-04 -8.683963255980684838e-04
1.043370924880057844e-02 -1.739444296963512954e-04 1.920680903894116586e-03 -5.626780197904536138e-03 -1.573627231790189658e-03 1.640959743535162036e-03 -8.897315716418727769e-04 1.298382520197057244e-01 2.490205775525513709e-03 -5.509840353376517508e-03 -8.861187829487554568e-03 -3.879509842640409007e-03 -3.535169993135307506e-04 2.519484093139776927e-03 -1.278259787917945258e-04 -2.102978232758406438e-03 -8.930145046927805402e-05 1.604280141515186913e-04 1.831008033106300541e-03 3.472377823885078665e-03 3.744246911897613529e-03 5.064384583088600523e-04 3.729336115946282719e-03 -1.943459495395093032e-03 -2.175067782992872942e-03 9.949858215168268846e-04 -1.074203699924887933e-03 7.537269301881822578e-04 6.412012522011941622e-04 1.561201669214368724e-03 -3.679094203166419284e-04 -8.168566389872301261e-05 1.497825601004024914e-03 7.891279266699240992e-04 -9.487905717376850017e-04 1.744240322754872074e-03 -2.340458598849289723e-03 2.190914505349465422e-04 6.627267578902271226e-04 6.168933016124972159e-04 5.036617910154442211e-06 -2.456174655317134759e-05 -1.702556366836305562e-04 -2.312364399038232816e-04 3.100511527047331798e-04 1.173947813614202148e-05 4.154333490981262662e-04 -5.084551351591878746e-04 -3.102275591710390579e-04 3.213556417936719745e-04
-4.374704423532870326e-03 -4.813656936559085851e-03 2.735496070536957806e-03 -4.095525755187065693e-03 1.178322700036760554e-02 -1.145281827387773475e-03 -8.230433730937429396e-04 2.490205775525513709e-03 1.327289329319782385e-01 2.812701953733271962e-03 -1.966516326483772927e-03 -6.008026571253012420e-03 4.429709635443806505e-03 6.717498902878802237e-04 1.805155395044195183e-03 -4.350281953371379351e-03 9.729535315041130809e-05 2.350835172257892750e-03 -5.492059364553219733e-03 2.626112675430586785e-03 -3.745802885292460332e-03 -2.076252122093816613e-03 -1.072302483059455358e-04 -1.305243126007432338e-03 -1.716717683542741488e-03 1.006890777964570237e-03 5.694331078521568329e-04 -4.921811651744353909e-04 -1.929522614797639151e-03 -3.037169363985169307e-04 -2.465782216798427864e-04 -6.596629523926317599e-04 -1.925757034792208557e-03 1.098519202971952780e-04 -1.672332400947407769e-03 -3.125601003632011779e-04 -9.855067638445795270e-04 -2.278005810842304371e-04 -6.406852406934705757e-04 5.144177700633815282e-04 1.030840187560175605e-03 -1.678639247172907141e-03 -1.397520138826237692e-04 8.589875449352306141e-05 8.570473563619042823e-04 -7.004731468468675787e-05 3.608224876120933984e-04 -3.416277596306889453e-05 1.063415858870777296e-03 -1.864869972458968125e-04
-7.375172307253510112e-03 -2.652475547030280507e-03 6.829484628893698651e-03 7.035861612209190485e-03 5.095092826579514754e-03 1.085050425334865799e-03 -5.813121359510753285e-04 -5.509840353376517508e-03 2.812701953733271962e-03 1.146063274162934797e-01 4.427520706149145995e-03 -1.560784011831656054e-04 -6.028251661448050941e-03 4.252590443384642038e-03 5.209080408581875411e-04 -1.498883259887739050e-03 2.582520580309741274e-03 -1.327906818606641682e-03 1.593981278234069638e-03 -1.876878012903554754e-03 -4.116035770506560124e-03 1.696246228431597634e-03 -3.701893356738827218e-04 2.651231410213419643e-03 -4.489094105133123566e-04 8.898314525534417683e-04 1.705450844101258573e-03 1.173525182269627258e-03 2.029468965318081963e-03 1.242200548342200367e-03 -1.716741166859143400e-03 1.130108854018776381e-03 -3.422948382675062846e-04 1.377798631069736138e-03 2.288880745472535237e-04 3.854615419223007908e-04 -1.838251311241058698e-03 -8.415951864987119765e-04 7.806472099413306861e-04 -1.795151238462602350e-03 -4.297045633967271029e-04 1.154136890340100796e-04 1.378069113379145694e-03 1.787586305015297821e-03 4.991032152218752424e-04 2.331418634801706025e-03 -6.617778511278209219e-05 1.610271613892677502e-03 8.847800381130480323e-04 5.979866778043435799e-04
-7.390361961171328965e-03 -4.115958655124755949e-03 3.122156639197970224e-03 1.323887727083970876e-03 3.815923485901872268e-03 3.087610338093725940e-03 -3.539833890994120350e-05 -8.861187829487554568e-03 -1.966516326483772927e-03 4.427520706149145995e-03 1.007710961640791159e-01 -4.511114539026272498e-03 -1.659104317792859523e-03 -3.884586405007739354e-03 -4.325601007386475861e-04 -2.296778377009141107e-03 -4.489339402031736204e-03 -4.215117215913818721e-04 1.811360255605006919e-03 1.528982181953900642e-03 2.557199103757167155e-04 -1.375931267602092554e-03 -3.697206565750792216e-04 3.171541694604386539e-03 -2.234558924466246814e-03 1.294722853917995879e-03 2.001892044324721318e-03 3.322782341690222593e-04 -9.723126479042160878e-05 -2.363542833060880421e-04 6.909043767947079537e-05 5.915451589289979616e-04 -6.482068385033671297e-04 1.639304051792315673e-04 -7.165634731360839447e-04 -9.822077110937319085e-05 2.990944931673252156e-03 -2.595267439178870305e-04 6.239033365828125987e-04 -2.500233512340589367e-03 -1.719991657056624094e-03 4.722299568490466730e-04 1.993922734559213771e-04 8.612395110201493450e-04 -1.408350972928280257e-04 -2.588960700636048703e-04 1.090980218223565161e-03 -1.062435359354770145e-03 -5.039369394791189246e-04 7.318918711669051647e-05
-5.178006172622879287e-03 -5.419576734584373966e-03 -1.931600570231433367e-03 -5.527166779070000376e-03 -5.835391847706544385e-03 3.695115030899790223e-03 -7.002635645880248699e-03 -3.879509842640409007e-03 -6.008026571253012420e-03 -1.560784011831656054e-04 -4.511114539026272498e-03 1.014498960039109943e-01 -2.365260760608643448e-03 6.181092954295265215e-03 4.112762969444130716e-03 3.100875903013054855e-03 3.745671916914706818e-03 3.863755174570590264e-04 -1.283029639079059838e-03 -2.464022020915913273e-03 1.855454379093571509e-03 3.422452332428545284e-04 -4.456263561252633582e-04 -1.483353406538960237e-03 7.346727254703864715e-04 -9.213292239338591143e-04 -1.791766220342594189e-03 -2.027754454076768475e-03 -2.283077386355746117e-03 9.107412893276325581e-04 -1.404261950557405213e-04 -1.695312907310216142e-03 -1.431788718251963358e-03 -1.048843165696865341e-03 -5.974008287474014264e-04 1.542679486531437459e-03 3.026896423647382735e-05 1.555237532809773844e-03 -1.879830336319928536e-04 1.535780554634754116e-05 -1.257410147052786436e-03 -7.753323707548813275e-04 6.881046803404745329e-04 -2.247676004404259339e-04 1.628885157992027719e-03 1.716355157455683557e-04 5.066457564225130850e-05 2.278467922313422687e-04 -4.621207885275948907e-04 1.223563757185961061e-03
1.113871091994738521e-02 4.253038381805084728e-03 1.164842457895535425e-03 -5.869739773436557324e-04 1.835485202237978298e-03 5.297000528528926630e-04 7.552224353311863016e-03 -3.535169993135307506e-04 4.429709635443806505e-03 -6.028251661448050941e-03 -1.659104317792859523e-03 -2.365260760608643448e-03 8.329939193140610543e-02 1.212221816030405880e-03 -1.675855347762340375e-03 1.556777995463205213e-03 -3.831773476725078699e-04 1.588485257490890095e-03 -4.188021019361158181e-04 1.692644016280065388e-04 2.785023486545408749e-03 1.778840551057125614e-04 4.247026127218221192e-04 1.250644924746925277e-03 5.548538258204425283e-04 3.525166194959768098e-03 -1.606643563353317818e-03 -1.897928784282351417e-03 -4.542872216949094422e-04 2.622391081066398452e-04 -6.102646556660169331e-04 9.102498688147517151e-04 2.122776923678744865e-03 -6.473591446652271920e-04 8.391169476600493038e-05 -1.089029114410651347e-03 1.318515556844360257e-03 -1.544433199535934844e-05 6.172902980090767735e-04 -5.306886389585412878e-06 -2.566128093276541316e-04 -7.709905952476876637e-04 -1.184122215401981534e-03 -9.633442617288183170e-05 1.440287132159299565e-04 2.890173492819593948e-04 -1.013531836466767809e-04 -4.720860412568641694e-04 2.518510304375024312e-05 3.726792061898595121e-04
-3.148283709353085370e-03 -2.017847153587146170e-03 5.585466961248529427e-03 1.277667729680888754e-03 -1.986136400571160768e-03 -3.175185112796689597e-03 -7.491520169195725783e-03 2.519484093139776927e-03 6.717498902878802237e-04 4.252590443384642038e-03 -3.884586405007739354e-03 6.181092954295265215e-03 1.212221816030405880e-03 8.242377639807002554e-02 -2.454813355427293200e-03 -1.275060695844486584e-03 -1.927241790225462000e-03 3.657328642757000131e-04 -3.498092402835678615e-04 -2.160744781636984337e-04 2.105956925405633607e-03 -5.991871458024564199e-04 1.350380329363452077e-03 -1.345774278960133741e-03 -1.162017034943414479e-03 5.360393835155951312e-04 -3.333048750117070368e-03 3.080961711332774158e-04 -1.454693313672218583e-03 -1.203536555346988073e-03 1.925833896998199518e-03 9.733697308028328244e-04 2.142994793852060972e-03 -8.706791613466672176e-04 4.740928027852515372e-04 -7.959678358270115160e-04 -2.030257811113008945e-03 1.104209509131742284e-03 1.353308264978338215e-03 2.948458690847866265e-04 5.056119835626210593e-05 5.600384576775987349e-04 1.879587067034428627e-03 2.474982738942520808e-04 6.419518700273759695e-04 -1.248839290555060766e-03 1.113876297121373972e-04 7.589368569922293369e-04 -3.815834326618812119e-05 6.573092518265487814e-04
4.010643140570291018e-04 2.344651350805873667e-04 6.402937587120483345e-03 -2.235090140609718220e-03 2.584621997208018471e-03 -2.580549677770241530e-03 -2.099279427386716197e-03 -1.278259787917945258e-04 1.805155395044195183e-03 5.209080408581875411e-04 -4.325601007386475861e-04 4.112762969444130716e-03 -1.675855347762340375e-03 -2.454813355427293200e-03 8.055909568104985263e-02 5.799092100157933645e-04 9.074750773031296444e-04 1.458174519782115151e-03 -7.605325781168666231e-04 5.453925475820273682e-04 -1.853832415576792949e-03 -2.768975910633691192e-03 5.351407253781393118e-04 2.023691246082210803e-03 -6.751788332059741786e-04 4.001607121458814267e-04 4.793360508854279983e-04 -1.033572905572989172e-03 -1.129436010115362045e-03 3.612313773261191323e-04 2.203721195636120216e-03 1.098358621561482422e-03 -9.023883767127622831e-04 -5.203333584419451725e-05 -3.386119286115922989e-04 2.314865429727822922e-03 -3.200763902125149454e-04 -1.150745715730724580e-03 -1.149307656542015516e-04 1.696643608603719191e-04 -7.525106202820170103e-04 1.176442685411585760e-03 1.051526728149334341e-03 4.746187252819876272e-04 -6.681730012891740501e-04 5.165465645771746134e-04 -9.964868457422789035e-05 -2.048605854462949181e-04 4.157839865232251710e-04 2.867422432510799099e-04
-4.324599791842727824e-03 7.757123251347048743e-04 1.227207778695495796e-03 2.098501377420576141e-03 3.896232907171179229e-03 -1.027292430539576392e-03 -1.391150157473030127e-03 -2.102978232758406438e-03 -4.350281953371379351e-03 -1.498883259887739050e-03 -2.296778377009141107e-03 3.100875903013054855e-03 1.556777995463205213e-03 -1.275060695844486584e-03 5.799092100157933645e-04 6.907557542624932767e-02 -4.644603561117560155e-03 -6.314701501689593769e-04 -1.718289195935253713e-03 -1.239408354495670451e-03 1.585241572477112627e-03 -9.478458156616480625e-05 -1.759082815181696262e-04 5.452565075783804074e-04 -2.324785087464346749e-03 -2.465795648148093148e-04 -4.174979253761494234e-04 4.912949177098772501e-04 1.329124946337572862e-03 1.119385960866762109e-03 -4.371913859536505180e-04 -2.245764122773039701e-04 2.977622499518893452e-04 1.186643087698795954e-03 -2.830058251879593403e-06 5.468822916793388575e-05 1.646743440312948637e-03 4.307303213585109191e-04 -3.844821731218145281e-04 1.133403877795759532e-03 -6.177088272655593482e-04 1.068713775414754756e-03 -4.606844850485483601e-04 -4.606110011583876068e-05 3.619718672778410632e-04 -1.663730390492904000e-04 1.272937102458196251e-03 1.538127447426420377e-04 4.266852714078634128e-04 8.788222458642741400e-05
2.838116301607063012e-03 -1.101063080122314597e-03 -5.465078465818948685e-04 6.017117653603110431e-04 -5.401698178292313772e-04 1.878703456469035544e-03 -2.730991958206813695e-03 -8.930145046927805402e-05 9.729535315041130809e-05 2.582520580309741274e-03 -4.489339402031736204e-03 3.745671916914706818e-03 -3.831773476725078699e-04 -1.927241790225462000e-03 9.074750773031296444e-04 -4.644603561117560155e-03 6.103951804010414317e-02 3.065965141673164009e-03 -1.468981003735586556e-03 1.018919106684363024e-03 -2.040637921228956927e-03 -2.871532416437199060e-04 -3.119320951496508615e-04 5.033965830580270197e-04 -7.531043080630810311e-05 -3.192792728112212627e-04 1.404862219784175229e-03 1.698653276472746661e-03 -1.156454086233576388e-03 -3.610682526087052543e-04 1.452937493698005123e-04 -3.979738501928779923e-04 -4.676295204041867079e-04 6.926141214165223775e-04 -1.056301668650973507e-03 1.610357828747767438e-03 -6.226554996198918526e-05 -1.013312161156345583e-03 -1.243014844296644501e-03 1.260704916838086866e-03 8.532804324325283596e-04 1.132830219346424631e-04 1.438806228652908395e-03 -5.579807437363899189e-05 5.280487901567353266e-04 2.683758272525903275e-04 5.089167902810296266e-04 4.384352378872287273e-04 -1.552694746333226961e-04 -5.042681925670479100e-04
1.632639946624408708e-04 3.031709585895912135e-03 7.118785671693686435e-04 8.715919073528285163e-04 3.838779676284613442e-03 -3.174061794055570585e-03 -9.338931960150971502e-04 1.604280141515186913e-04 2.350835172257892750e-03 -1.327906818606641682e-03 -4.215117215913818721e-04 3.863755174570590264e-04 1.588485257490890095e-03 3.657328642757000131e-04 1.458174519782115151e-03 -6.314701501689593769e-04 3.065965141673164009e-03 5.595833143947376992e-02 1.238377878974998179e-03 -1.195033442115956551e-03 -5.347794610090978937e-03 -6.063649902212233473e-04 1.705225962472637713e-03 4.333227099310639507e-04 -4.240014364589159059e-04 1.529860405764222860e-03 -1.187729054487603230e-03 -1.785464549425748990e-04 9.462055308236464162e-04 2.469869381193924487e-03 -1.942440931755952155e-04 -1.352379119727200284e-03 -1.828853156736277082e-04 6.551909045125431461e-04 1.082434429807373677e-03 -1.702113572880940709e-03 -4.243816334659887449e-04 2.838973598170937323e-04 8.899413628709423830e-04 -1.808056240824302662e-05 -7.651352005967963473e-04 9.853933020600330085e-05 -1.848215535582831126e-04 -3.455908669466292889e-04 -2.252784736526608283e-04 -1.583059149313822262e-04 8.507415950172102725e-05 2.693330150684112179e-04 -1.083877246591435440e-03 -2.194508641803520556e-04
-1.976166662788761928e-03 5.542454312032027430e-03 6.361639289607809401e-04 -1.530490507989085928e-03 -2.856111603489319868e-03 1.352576510068777011e-04 3.008303847570082627e-03 1.831008033106300541e-03 -5.492059364553219733e-03 1.593981278234069638e-03 1.811360255605006919e-03 -1.283029639079059838e-03 -4.188021019361158181e-04 -3.498092402835678615e-04 -7.605325781168666231e-04 -1.718289195935253713e-03 -1.468981003735586556e-03 1.238377878974998179e-03 5.225619047201850165e-02 2.642495902303223252e-06 1.696175142356283515e-03 7.300847170075280964e-04 -2.740335778209000272e-03 1.036415779386542233e-03 -2.815412922875345364e-03 1.743000452734290353e-03 2.753210465629858314e-03 -1.958321674123723405e-05 -6.800247244107987012e-04 4.080594488293656048e-04 -5.466671348581040972e-04 8.920454034052563040e-04 -2.631745096490414187e-04 1.767883128876494194e-05 -1.913697317367138277e-04 2.378148718792466262e-04 6.653991889282850208e-04 4.006613653251195123e-04 -2.266286973790488627e-04 3.068517757420202285e-04 6.281266572321148240e-05 -9.314759641067773448e-04 5.022666175728041126e-04 -6.538854838934216344e-04 -1.387252663468619622e-04 3.184721104495678769e-04 -7.835874616671978290e-04 -5.360410725970491536e-04 -6.461818866987172841e-04 1.694328869805381574e-04
6.317255775786877854e-05 8.315706682614835933e-04 -1.632140759918092451e-03 -4.091333196278614838e-03 -1.041795610135555668e-03 -2.392556302986357034e-03 3.477481790326538303e-03 3.472377823885078665e-03 2.626112675430586785e-03 -1.876878012903554754e-03 1.528982181953900642e-03 -2.464022020915913273e-03 1.692644016280065388e-04 -2.160744781636984337e-04 5.453925475820273682e-04 -1.239408354495670451e-03 1.018919106684363024e-03 -1.195033442115956551e-03 2.642495902303223252e-06 5.092988369403982085e-02 2.377183020137062317e-03 -7.907183817762813115e-04 -2.063776080584713186e-03 3.757567507488068022e-04 -8.121662774319532950e-04 7.132971687744157734e-04 -9.644886699206847887e-05 4.327823086245241482e-04 -8.507060269021271559e-05 1.036155404657445982e-03 1.413486328782725693e-03 4.496828196067433362e-04 1.148231321515230012e-03 1.483137701675113778e-04 1.772571879702260005e-04 -3.006036570451278136e-04 4.679688084317637687e-05 1.087035836524845707e-04 -1.376987963902938079e-04 -1.006087882427504675e-03 8.561170647948729067e-04 -4.487254453322986770e-04 -1.110514649179696273e-03 3.168105523077551378e-04 -2.072936058078455072e-04 -1.611196543097548014e-04 4.551639092364948166e-04 -1.694826573439922959e-04 2.282942353429155723e-04 8.376632725077446339e-05
1.504190821270216631e-03 8.140904829586282504e-03 8.646759049482865243e-04 -4.924799383263640112e-03 -2.664302750555840905e-03 1.359534902034174051e-03 3.438204900760341142e-03 3.744246911897613529e-03 -3.745802885292460332e-03 -4.116035770506560124e-03 2.557199103757167155e-04 1.855454379093571509e-03 2.785023486545408749e-03 2.105956925405633607e-03 -1.853832415576792949e-03 1.585241572477112627e-03 -2.040637921228956927e-03 -5.347794610090978937e-03 1.696175142356283515e-03 2.377183020137062317e-03 4.487067481896399312e-02 -1.088677688766343139e-03 2.711584507887136817e-03 1.011537065191253507e-03 1.909063557666414526e-04 -7.909164428461918066e-04 -1.118443790580251869e-03 -1.064807825518256264e-03 1.037365507864273584e-03 8.142572755329849712e-04 -7.726823114198239691e-04 -1.878712348363343156e-04 6.406881593002113030e-04 1.270153364159610446e-03 1.056886989253780825e-03 -2.676517971925100733e-04 6.167134033856450526e-04 7.059382363214379260e-04 5.359079806789822115e-04 -4.568577516781474265e-04 1.792600176772143623e-04 -2.126874402208621287e-04 -1.590560822160993018e-04 -1.090797236743623686e-04 5.850387027372355546e-04 5.915613063399052622e-04 4.464838860828806402e-04 -7.665492953762996411e-04 2.740176089336148380e-04 6.226468300732236182e-04
-6.902327505637224350e-04 2.596869038640831767e-03 -1.226550988711538068e-03 -4.215386153662449738e-03 -1.426778288706929965e-03 3.333879114853718212e-03 3.287908458282592407e-03 5.064384583088600523e-04 -2.076252122093816613e-03 1.696246228431597634e-03 -1.375931267602092554e-03 3.422452332428545284e-04 1.778840551057125614e-04 -5.991871458024564199e-04 -2.768975910633691192e-03 -9.478458156616480625e-05 -2.871532416437199060e-04 -6.063649902212233473e-04 7.300847170075280964e-04 -7.907183817762813115e-04 -1.088677688766343139e-03 4.260283142741830287e-02 -5.266505710359313574e-04 -8.104798281183219801e-04 -1.267292103170190431e-03 -5.377293389151542157e-04 -3.181947257424655776e-04 1.311563763051448381e-03 2.261206428059004509e-04 -2.214664256536136170e-04 -3.183495369661858685e-04 3.925532991281378619e-04 -1.281311503707233568e-04 1.266938656920252575e-03 -4.962036397138815368e-05 -4.889011016807730953e-04 -5.692038197723234879e-04 -3.163885937554168160e-04 -5.506594812084996977e-04 -7.948357935281763573e-04 -3.325738634674628024e-04 -1.060427963565866030e-04 -5.776350155227693981e-05 5.243938226276539894e-04 3.014153189069923664e-04 5.225669521781575256e-04 -4.566453313607528043e-05 -4.440835623039219546e-05 -4.873922608450448487e-04 3.604137544139429168e-05
5.159192226152202812e-03 2.258599720664152075e-03 5.896217522278566353e-04 4.287578462132321348e-03 -4.543787184245909848e-03 -4.856391617331977471e-04 3.253262003480663928e-03 3.729336115946282719e-03 -1.072302483059455358e-04 -3.701893356738827218e-04 -3.697206565750792216e-04 -4.456263561252633582e-04 4.247026127218221192e-04 1.350380329363452077e-03 5.351407253781393118e-04 -1.759082815181696262e-04 -3.119320951496508615e-04 1.705225962472637713e-03 -2.740335778209000272e-03 -2.063776080584713186e-03 2.711584507887136817e-03 -5.266505710359313574e-04 3.735488379707485596e-02 1.428840212446273912e-03 3.369887291874078521e-03 9.758512714731393430e-04 9.481908465250443578e-05 -1.578153988267750728e-03 1.203096540209422187e-03 1.230533499498788919e-03 -2.325605662810432527e-04 1.663803592425856467e-04 8.572751299451220530e-04 6.411864806725683409e-04 -1.325382527995623680e-04 1.077238484138668962e-04 -1.360028799040471697e-04 -1.538098390192073318e-04 1.030485605136255813e-03 4.808931541052177852e-06 1.107060515652707588e-03 -1.708890912802948697e-04 5.101034586496133293e-05 -5.902381253192535597e-05 -2.283703712069471900e-04 4.536281036540353987e-06 -1.364994643832101039e-04 5.635298797066169100e-04 4.811169767153311377e-04 3.193379814640112408e-04
-9.652750366401345334e-04 -3.685242384045317498e-04 -4.947538835540841833e-03 1.594250554147140248e-03 2.868779139546124776e-03 -1.698295300942313877e-03 1.832224318022559594e-03 -1.943459495395093032e-03 -1.305243126007432338e-03 2.651231410213419643e-03 3.171541694604386539e-03 -1.483353406538960237e-03 1.250644924746925277e-03 -1.345774278960133741e-03 2.023691246082210803e-03 5.452565075783804074e-04 5.033965830580270197e-04 4.333227099310639507e-04 1.036415779386542233e-03 3.757567507488068022e-04 1.011537065191253507e-03 -8.104798281183219801e-04 1.428840212446273912e-03 3.564246505676382099e-02 -5.146067301461344431e-04 1.983111906813783806e-04 -1.213506121598298100e-03 -1.592490807295777111e-03 2.801161464633182050e-05 2.255374130930822214e-04 1.499995664271355431e-03 1.049150386262122977e-03 -2.135729888913465841e-04 -1.095582990411285863e-03 -1.799042881486010749e-03 1.631732881734646013e-04 8.065468481856144078e-04 -3.049943263103412159e-04 5.150650984791506045e-04 -9.432998196312292975e-04 1.553757019938662440e-04 7.162982800198990649e-04 -1.219691915161515107e-03 -1.374126467044761897e-04 -4.135624583988523633e-06 -2.021174484779934605e-04 8.216581102681157775e-04 4.329465461479717212e-05 1.286275259925644186e-04 1.662518092351176276e-04
3.042144801381714125e-03 -4.523573008864901351e-03 8.879160516410476538e-04 1.642907741552098030e-03 -3.623401669217835957e-05 -4.252548137918165045e-04 -2.571564300299165017e-03 -2.175067782992872942e-03 -1.716717683542741488e-03 -4.489094105133123566e-04 -2.234558924466246814e-03 7.346727254703864715e-04 5.548538258204425283e-04 -1.162017034943414479e-03 -6.751788332059741786e-04 -2.324785087464346749e-03 -7.531043080630810311e-05 -4.240014364589159059e-04 -2.815412922875345364e-03 -8.121662774319532950e-04 1.909063557666414526e-04 -1.267292103170190431e-03 3.369887291874078521e-03 -5.146067301461344431e-04 3.057946965250511739e-02 -7.177322162771475637e-04 5.687331325579180700e-04 -1.546279253653141473e-03 -2.000024148204409668e-03 -5.071650362474973677e-04 -4.500160783963105707e-04 7.135019651807756463e-04 -6.315960547830792252e-04 2.842702768475366903e-04 7.839795893731819822e-05 -1.691413677524081823e-04 2.404232690950517412e-05 4.189087095028736700e-04 2.537417988862289073e-04 -2.556297299402460118e-05 -1.229045564257503576e-03 6.330050424037896419e-04 2.231762305721021343e-04 9.597584604120948512e-04 2.467406826061832332e-04 9.931758258615047566e-05 -1.903709237460486832e-04 1.218351403346046698e-04 5.375280684189314437e-04 6.212009466925585489e-05
4.921723099772278356e-03 4.629041523043457042e-03 -2.263136068955720701e-03 -2.631573736566225445e-03 -1.916024958683561251e-03 3.057343587817420300e-03 -3.584167511633876840e-03 9.949858215168268846e-04 1.006890777964570237e-03 8.898314525534417683e-04 1.294722853917995879e-03 -9.213292239338591143e-04 3.525166194959768098e-03 5.360393835155951312e-04 4.001607121458814267e-04 -2.465795648148093148e-04 -3.192792728112212627e-04 1.529860405764222860e-03 1.743000452734290353e-03 7.132971687744157734e-04 -7.909164428461918066e-04 -5.377293389151542157e-04 9.758512714731393430e-04 1.983111906813783806e-04 -7.177322162771475637e-04 2.889697286078026991e-02 -4.233149064752207789e-04 7.651233951697715115e-04 1.930188521485924266e-04 1.201152404109690164e-04 5.532379640324248948e-04 -1.211039961787681958e-03 2.920724475452233116e-04 -1.534327235179954385e-04 -5.092088123487840869e-04 -1.213952632336749498e-03 -7.287041340977090599e-05 4.545336745807730569e-05 3.227571650996957555e-04 3.444042482341304264e-05 2.845002298592710791e-04 -1.835258192316635814e-05 7.942925281444232054e-04 -1.080786487033247447e-04 -4.926954059923408999e-04 -2.073750194402234509e-05 -4.445166072354596667e-04 -2.841227180894025442e-04 -6.891738233547552617e-05 4.348876818469850814e-04
2.455832622401130007e-03 -7.429999653656675510e-04 1.097689802809581616e-03 3.265884423996748883e-03 3.249089880808641445e-03 1.996007752029062409e-05 -1.137627503522368761e-03 -1.074203699924887933e-03 5.694331078521568329e-04 1.705450844101258573e-03 2.001892044324721318e-03 -1.791766220342594189e-03 -1.606643563353317818e-03 -3.333048750117070368e-03 4.793360508854279983e-04 -4.174979253761494234e-04 1.404862219784175229e-03 -1.187729054487603230e-03 2.753210465629858314e-03 -9.644886699206847887e-05 -1.118443790580251869e-03 -3.181947257424655776e-04 9.481908465250443578e-05 -1.213506121598298100e-03 5.687331325579180700e-04 -4.233149064752207789e-04 2.670416055292395077e-02 -5.054699468324667412e-04 -3.547086023446317663e-04 6.978562651591438360e-04 -5.695563864707554966e-04 -5.013286889096506748e-04 3.923122475062226235e-04 6.167674880961865683e-04 1.109344766380399635e-03 -5.250473686253327488e-05 -2.346472742984283364e-05 1.676066599481974839e-04 2.408768190172506877e-06 -5.029736147868916259e-04 -7.275776169545709578e-04 5.769632066030898863e-04 -1.176426922930529176e-04 7.942491091939953354e-04 -4.931513453922258287e-04 6.297034180668003743e-04 -4.695488981004453284e-04 -3.117948018734675321e-04 6.027219584152085835e-05 -2.262119867667220505e-04
4.430606199961517090e-03 4.247985958453732308e-03 -1.274371342298578859e-03 2.568470518950716815e-03 -2.964866902347638913e-03 -8.038129322986979804e-04 -3.603713563734623794e-05 7.537269301881822578e-04 -4.921811651744353909e-04 1.173525182269627258e-03 3.322782341690222593e-04 -2.027754454076768475e-03 -1.897928784282351417e-03 3.080961711332774158e-04 -1.033572905572989172e-03 4.912949177098772501e-04 1.698653276472746661e-03 -1.785464549425748990e-04 -1.958321674123723405e-05 4.327823086245241482e-04 -1.064807825518256264e-03 1.311563763051448381e-03 -1.578153988267750728e-03 -1.592490807295777111e-03 -1.546279253653141473e-03 7.651233951697715115e-04 -5.054699468324667412e-04 2.473641257208453181e-02 7.669885120184458940e-04 -3.070807182477860021e-04 -3.012593002172834979e-04 4.784921352666705440e-04 3.028791052049707505e-04 -8.513456857925315834e-04 1.371040994527097196e-03 -2.461133696757127911e-04 -8.853550120021603295e-04 5.246286466939327443e-04 7.736967387231065169e-05 1.294263547635655064e-04 2.845762983402234914e-04 3.616123383554637979e-04 3.709237654158006729e-04 -5.520936549541224318e-04 3.361954610587077215e-04 3.356835246125206658e-04 1.794994568495677622e-04 1.667831245300553948e-04 -3.425795736255198064e-05 6.507839428612298936e-04
-7.904793342505595953e-04 3.690445549203006520e-03 -4.151036135477278143e-03 -8.207087592563008056e-04 4.058697434686465641e-03 9.186524650804143381e-04 1.418810893246828016e-03 6.412012522011941622e-04 -1.929522614797639151e-03 2.029468965318081963e-03 -9.723126479042160878e-05 -2.283077386355746117e-03 -4.542872216949094422e-04 -1.454693313672218583e-03 -1.129436010115362045e-03 1.329124946337572862e-03 -1.156454086233576388e-03 9.462055308236464162e-04 -6.800247244107987012e-04 -8.507060269021271559e-05 1.037365507864273584e-03 2.261206428059004509e-04 1.203096540209422187e-03 2.801161464633182050e-05 -2.000024148204409668e-03 1.930188521485924266e-04 -3.547086023446317663e-04 7.669885120184458940e-04 2.285644033330547220e-02 -4.631526285743539574e-04 -9.319473507616616052e-04 -1.366615381707467127e-03 4.566532506127396604e-04 -6.848408450686517296e-05 1.473090687978884290e-04 -4.626864359360354607e-05 -6.741822318044930849e-04 6.299774818243778027e-04 -1.595305327312887555e-04 2.602935399346285655e-04 -2.817565867615332183e-04 7.615561318257818828e-04 4.091638103009347615e-05 -8.029322344148034484e-04 -4.529790435195160626e-04 4.454669152037312612e-04 1.789310612856048039e-04 -3.589884705670739942e-04 2.108209905998345460e-04 -1.335040434875600982e-04
1.979788294717726039e-03 4.290021503587687808e-03 1.559413215733871034e-03 6.473563972564550266e-04 1.951634885974934798e-04 -2.441398495757019643e-03 5.410869974893388248e-04 1.561201669214368724e-03 -3.037169363985169307e-04 1.242200548342200367e-03 -2.363542833060880421e-04 9.107412893276325581e-04 2.622391081066398452e-04 -1.203536555346988073e-03 3.612313773261191323e-04 1.119385960866762109e-03 -3.610682526087052543e-04 2.469869381193924487e-03 4.080594488293656048e-04 1.036155404657445982e-03 8.142572755329849712e-04 -2.214664256536136170e-04 1.230533499498788919e-03 2.255374130930822214e-04 -5.071650362474973677e-04 1.201152404109690164e-04 6.978562651591438360e-04 -3.070807182477860021e-04 -4.631526285743539574e-04 2.079380712933540445e-02 -5.061808756593594305e-04 2.815892236830710386e-04 3.944531284127594426e-04 5.781820403276875613e-05 -2.040475219388853474e-04 -1.289088327067613256e-04 -1.198989298063114469e-03 -1.912932502312042872e-04 1.709273380222555498e-05 -2.767232362529038368e-04 -3.728293473307062742e-04 2.717021099742727660e-04 -1.928358102318906736e-04 -3.480424248215448712e-04 -4.696933076801128098e-04 -1.197450602866371186e-04 5.392192011722538383e-04 -7.113267546881190176e-05 -2.523630146857950836e-04 6.051866883622744917e-05
1.646686968106942988e-05 1.628318948240001620e-03 2.385264866106172246e-04 2.202327517932145973e-03 -5.773196772248182906e-04 -2.701416172430906788e-04 3.987342101530062517e-04 -3.679094203166419284e-04 -2.465782216798427864e-04 -1.716741166859143400e-03 6.909043767947079537e-05 -1.404261950557405213e-04 -6.102646556660169331e-04 1.925833896998199518e-03 2.203721195636120216e-03 -4.371913859536505180e-04 1.452937493698005123e-04 -1.942440931755952155e-04 -5.466671348581040972e-04 1.413486328782725693e-03 -7.726823114198239691e-04 -3.183495369661858685e-04 -2.325605662810432527e-04 1.499995664271355431e-03 -4.500160783963105707e-04 5.532379640324248948e-04 -5.695563864707554966e-04 -3.012593002172834979e-04 -9.319473507616616052e-04 -5.061808756593594305e-04 2.023192689879030337e-02 -2.094649172140756045e-04 4.032906476150703991e-04 8.280165004151596089e-04 -2.024076886505072942e-04 -2.616737484803529192e-04 -9.652500617214400955e-04 1.532883651593952210e-04 4.775678552450982961e-04 -2.128722637220127920e-05 7.050453747704310071e-04 -8.323565440127875606e-05 4.166989719089228225e-05 1.167570882082552417e-04 1.763688237235944774e-04 -3.262252263321595313e-04 -2.225963706031692819e-04 1.096377623680666868e-04 1.578845093324855113e-04 1.480517608474787253e-04
