2.762590656899190436e-02 -2.086232802653571576e-03 -2.418297497032516515e-03 1.645497525306459678e-03 2.524429722127763745e-03 2.295475848287159212e-03 1.407996403962051217e-05 -1.504870797996780258e-04 1.932680248438739404e-04 -2.488828458171437209e-04 -7.622561484257130192e-04 -4.308034625630582795e-04 4.525699946598709571e-04 -1.520662213368374120e-04 4.129291476291478013e-05 -3.977476491353043998e-05 4.733870410264283477e-05 -5.791360513302623667e-04 5.018668358478236896e-04
-2.086232802653571576e-03 1.302311199514572838e-02 9.273806555558472380e-04 1.070483174497151649e-03 -9.391098078790136158e-04 4.324791658289521773e-04 3.726415710162900232e-04 6.010050218964413079e-04 9.460227768541268475e-04 -1.906546680233181480e-04 5.385580209752771413e-04 3.041627533925269456e-05 1.713355973048147926e-04 -4.984143676025286872e-04 4.388677160806679178e-04 -4.113649209228093114e-04 -8.817081936684598316e-05 2.940091771728386527e-04 2.192226612265382681e-04
-2.418297497032516515e-03 9.273806555558472380e-04 1.052630636756712867e-02 1.926527508508272309e-04 2.706465493295189223e-04 -7.841456506648219701e-05 4.368741857080440678e-04 3.115538254977902452e-04 9.121035661109812721e-04 -1.744521487432045101e-04 4.704066249740128988e-04 -1.746732016285063439e-04 1.235282939659597835e-05 5.269235866069104090e-05 1.811215893089281699e-04 -6.786877219578949178e-04 5.872990699858646538e-04 -5.836952198217828071e-04 -7.676617578099170802e-05
1.645497525306459678e-03 1.070483174497151649e-03 1.926527508508272309e-04 8.659253205509327006e-03 -5.439178873535754823e-04 -2.893609763685409293e-04 -3.263485514412068928e-04 3.518480109520341842e-04 6.482160777107551100e-04 -4.920475020663938985e-04 8.762177906355810426e-06 4.540122119701050997e-04 -4.733160452380796596e-04 -4.941282499778432580e-04 -1.398661727030145343e-07 8.824368710202615653e-05 1.748968575646920698e-04 -1.677293990037982425e-04 -4.834136368314857941e-04
2.524429722127763745e-03 -9.391098078790136158e-04 2.706465493295189223e-04 -5.439178873535754823e-04 6.586359948326152812e-03 -1.160015242422889189e-03 -5.401848350785118510e-04 4.974076259298841531e-04 9.371521199184833077e-05 -3.960226212055601336e-04 9.154276980830114159e-05 -9.597821887974605825e-04 -4.630215161594499092e-04 -2.607175602350256791e-04 -1.236583768836749855e-05 -2.044900763456900395e-04 -4.639437888788511998e-05 -2.331738872868513175e-04 -4.552502049539881141e-04
2.295475848287159212e-03 4.324791658289521773e-04 -7.841456506648219701e-05 -2.893609763685409293e-04 -1.160015242422889189e-03 6.678144063981606912e-03 1.290045955612241979e-03 -2.777467465640734131e-04 7.426429390218113264e-04 1.134313560981240919e-03 -6.737578209974454634e-04 6.904008137008962442e-05 -2.546642167781098262e-04 4.032136231692371093e-04 -1.560659864707424039e-05 -1.948243391934472183e-04 2.233981110464657830e-04 -2.920618558804428879e-04 2.156554997887267697e-04
1.407996403962051217e-05 3.726415710162900232e-04 4.368741857080440678e-04 -3.263485514412068928e-04 -5.401848350785118510e-04 1.290045955612241979e-03 4.106869332596441678e-03 -2.651008290204962870e-04 2.125727716705746182e-04 6.145484594626029725e-04 -1.616704831866095542e-04 6.242494208287121074e-05 9.472793048992590335e-04 7.361962383568258913e-05 7.427706901473281938e-05 1.843175192245227289e-04 1.516476192184455145e-04 -6.728725434707044520e-05 -3.095101938303137070e-04
-1.504870797996780258e-04 6.010050218964413079e-04 3.115538254977902452e-04 3.518480109520341842e-04 4.974076259298841531e-04 -2.777467465640734131e-04 -2.651008290204962870e-04 4.552859325533186591e-03 1.941022565829008469e-04 1.616129499224857745e-04 4.748424087704588388e-04 -2.490855828086929258e-04 -2.558841296230765462e-04 2.953660113782014180e-04 1.980193607244649630e-04 -2.497983397631571394e-04 3.618411200391788538e-04 -1.909516955314091008e-04 -9.171478489287828134e-05
1.932680248438739404e-04 9.460227768541268475e-04 9.121035661109812721e-04 6.482160777107551100e-04 9.371521199184833077e-05 7.426429390218113264e-04 2.125727716705746182e-04 1.941022565829008469e-04 3.076360406688462192e-03 2.511563542697690574e-04 -3.892077148653689292e-05 -7.053393958917230538e-05 -2.847711275454086030e-04 -2.169301400104800960e-04 3.982979852147663078e-04 -2.729975784375826380e-04 9.238873660076911951e-05 -1.244963159790330679e-04 -3.662928581919118985e-04
-2.488828458171437209e-04 -1.906546680233181480e-04 -1.744521487432045101e-04 -4.920475020663938985e-04 -3.960226212055601336e-04 1.134313560981240919e-03 6.145484594626029725e-04 1.616129499224857745e-04 2.511563542697690574e-04 3.010205762043162252e-03 -2.250052383542776313e-04 -2.663195258921361832e-05 2.064967545292376497e-05 -1.528066298322433642e-06 6.421547249085675043e-05 2.512147948628132483e-04 -3.278529500401815115e-04 -3.465025338717594197e-05 6.320609625219037223e-05
-7.622561484257130192e-04 5.385580209752771413e-04 4.704066249740128988e-04 8.762177906355810426e-06 9.154276980830114159e-05 -6.737578209974454634e-04 -1.616704831866095542e-04 4.748424087704588388e-04 -3.892077148653689292e-05 -2.250052383542776313e-04 2.217669418509467336e-03 2.332611246836832066e-04 -2.614456635876732699e-04 6.833421972204763097e-05 -1.079399800341443439e-04 6.060510750954798309e-05 -1.434998032028365195e-04 -9.382809915422885103e-05 -4.008660226111192829e-05
-4.308034625630582795e-04 3.041627533925269456e-05 -1.746732016285063439e-04 4.540122119701050997e-04 -9.597821887974605825e-04 6.904008137008962442e-05 6.242494208287121074e-05 -2.490855828086929258e-04 -7.053393958917230538e-05 -2.663195258921361832e-05 2.332611246836832066e-04 2.359519442074845073e-03 2.592333359930528141e-04 1.507689371793126062e-04 -5.209549519578967475e-04 -1.614816511748412835e-04 -1.057020108537939636e-04 -1.678939290295360402e-04 -1.106889995527426262e-04
4.525699946598709571e-04 1.713355973048147926e-04 1.235282939659597835e-05 -4.733160452380796596e-04 -4.630215161594499092e-04 -2.546642167781098262e-04 9.472793048992590335e-04 -2.558841296230765462e-04 -2.847711275454086030e-04 2.064967545292376497e-05 -2.614456635876732699e-04 2.592333359930528141e-04 2.036654540697843858e-03 1.658998501093071729e-05 1.184891678037616595e-04 -1.219901178744119347e-04 3.054902624553088464e-04 -1.141081242471782324e-04 -1.851886127342201903e-04
-1.520662213368374120e-04 -4.984143676025286872e-04 5.269235866069104090e-05 -4.941282499778432580e-04 -2.607175602350256791e-04 4.032136231692371093e-04 7.361962383568258913e-05 2.953660113782014180e-04 -2.169301400104800960e-04 -1.528066298322433642e-06 6.833421972204763097e-05 1.507689371793126062e-04 1.658998501093071729e-05 2.039261801366137189e-03 -2.354695423559939962e-04 -1.737447550209882981e-05 -1.972368931777770940e-04 8.524244348679946374e-06 8.221150222540988986e-05
4.129291476291478013e-05 4.388677160806679178e-04 1.811215893089281699e-04 -1.398661727030145343e-07 -1.236583768836749855e-05 -1.560659864707424039e-05 7.427706901473281938e-05 1.980193607244649630e-04 3.982979852147663078e-04 6.421547249085675043e-05 -1.079399800341443439e-04 -5.209549519578967475e-04 1.184891678037616595e-04 -2.354695423559939962e-04 1.681755397992153178e-03 -4.082663417095663610e-04 4.177746014353441020e-05 -7.686423532649497271e-05 3.453938897969691156e-05
-3.977476491353043998e-05 -4.113649209228093114e-04 -6.786877219578949178e-04 8.824368710202615653e-05 -2.044900763456900395e-04 -1.948243391934472183e-04 1.843175192245227289e-04 -2.497983397631571394e-04 -2.729975784375826380e-04 2.512147948628132483e-04 6.060510750954798309e-05 -1.614816511748412835e-04 -1.219901178744119347e-04 -1.737447550209882981e-05 -4.082663417095663610e-04 1.335493988262866603e-03 1.689672432674753949e-05 1.361091088009813070e-04 -6.696981645622537003e-05
4.733870410264283477e-05 -8.817081936684598316e-05 5.872990699858646538e-04 1.748968575646920698e-04 -4.639437888788511998e-05 2.233981110464657830e-04 1.516476192184455145e-04 3.618411200391788538e-04 9.238873660076911951e-05 -3.278529500401815115e-04 -1.434998032028365195e-04 -1.057020108537939636e-04 3.054902624553088464e-04 -1.972368931777770940e-04 4.177746014353441020e-05 1.689672432674753949e-05 1.816136628706520317e-03 -1.124625120464650923e-04 2.068532731408494088e-04
-5.791360513302623667e-04 2.940091771728386527e-04 -5.836952198217828071e-04 -1.677293990037982425e-04 -2.331738872868513175e-04 -2.920618558804428879e-04 -6.728725434707044520e-05 -1.909516955314091008e-04 -1.244963159790330679e-04 -3.465025338717594197e-05 -9.382809915422885103e-05 -1.678939290295360402e-04 -1.141081242471782324e-04 8.524244348679946374e-06 -7.686423532649497271e-05 1.361091088009813070e-04 -1.124625120464650923e-04 1.468873040738901065e-03 -3.780257912789424885e-05
5.018668358478236896e-04 2.192226612265382681e-04 -7.676617578099170802e-05 -4.834136368314857941e-04 -4.552502049539881141e-04 2.156554997887267697e-04 -3.095101938303137070e-04 -9.171478489287828134e-05 -3.662928581919118985e-04 6.320609625219037223e-05 -4.008660226111192829e-05 -1.106889995527426262e-04 -1.851886127342201903e-04 8.221150222540988986e-05 3.453938897969691156e-05 -6.696981645622537003e-05 2.068532731408494088e-04 -3.780257912789424885e-05 1.301786140713308065e-03
