2.077714686892817575e-02 -1.268609139516034328e-03 -6.257427585808827747e-04 7.599931497529515073e-04 -5.910375418531655127e-04 -5.795813896665968608e-04 9.836356160668394805e-05 1.895216784624858489e-04 -1.261636745653271178e-04 -9.707984749967996899e-05 4.235998644645401338e-04 -1.214060450176000739e-03 9.770415478571234900e-04 -4.456482682402139895e-04 -4.643308741609575904e-04 4.811893321416159451e-04 -2.934756899394337076e-05 4.965694363481457487e-04 1.348864104825061357e-04
-1.268609139516034328e-03 1.696440012660980004e-02 -1.257820695360258457e-04 -3.127651050548520295e-04 3.106712781906722067e-04 -4.366912229669214665e-04 -5.848403155794998061e-04 3.245115926769370253e-04 -1.995650560786125290e-04 -3.076838613362530830e-04 -7.112482181162255656e-05 1.027405988617034489e-03 -4.287701239683907586e-04 3.234292108132013238e-05 6.407810158202715146e-05 1.273981123874074340e-04 3.031541385696784078e-05 -4.070752040884227581e-05 -3.498036148442894527e-04
-6.257427585808827747e-04 -1.257820695360258457e-04 8.788673802206568852e-03 -5.706657910448914139e-04 -8.481381348894823048e-04 2.857368364886229192e-04 -3.152103417875592051e-04 5.972136810105208461e-04 1.054089104529080972e-04 6.124961392875227307e-04 2.964796600573134855e-04 -6.016109371966668791e-04 -5.100904225207600687e-04 7.696490829169342132e-05 4.234280796572935775e-05 -1.898992554075436040e-04 -2.326184840251333566e-05 4.225830569514077580e-04 3.395101465430968917e-04
7.599931497529515073e-04 -3.127651050548520295e-04 -5.706657910448914139e-04 7.127279727712109575e-03 4.352397852796184834e-04 -6.958752120817696953e-05 1.346515146272512771e-05 -5.587553685322825710e-04 -2.208715495196657874e-05 -6.291572865932839426e-05 4.120006167600945334e-04 -1.552048820385059952e-04 2.222448369825450615e-04 6.279479617166275958e-05 3.245180897007147775e-04 2.069805396569088143e-04 1.660041320723622477e-04 -4.400217206283989885e-04 -4.714768402553434231e-05
-5.910375418531655127e-04 3.106712781906722067e-04 -8.481381348894823048e-04 4.352397852796184834e-04 7.010477407974017618e-03 -1.739588633161603037e-04 -4.070079420120293907e-04 -4.629058608493903616e-04 1.701152544617412900e-04 -2.808769409744946654e-04 -4.178863821460723446e-05 3.595510340411962945e-04 -2.483618565781341636e-04 -7.977340919428633462e-05 -1.017705545011113782e-04 -1.875392175744469247e-04 1.743756090431938040e-04 -1.626595556537601480e-04 1.987401137755032447e-04
-5.795813896665968608e-04 -4.366912229669214665e-04 2.857368364886229192e-04 -6.958752120817696953e-05 -1.739588633161603037e-04 5.615729332439649453e-03 -1.139007533320487775e-04 -2.636966550497522378e-04 4.144799512845707425e-04 -1.449065193136779279e-04 2.040073558603964349e-04 -2.132090722066860627e-04 6.326349358914247977e-05 2.675458777688588736e-05 -1.295486444902801818e-04 6.590234399621125406e-04 -2.673207184958454295e-04 -7.455142652357678833e-04 -1.023749269430972365e-04
9.836356160668394805e-05 -5.848403155794998061e-04 -3.152103417875592051e-04 1.346515146272512771e-05 -4.070079420120293907e-04 -1.139007533320487775e-04 3.991161981072362253e-03 1.162372681704583791e-04 6.196751068535550624e-05 3.117203002909821070e-04 -1.474630280527607648e-04 3.490343803382538039e-04 -1.165369244821596998e-04 -1.289710271308854516e-04 1.550397565406173882e-04 -1.369349183165591483e-04 6.472768404922543141e-05 -4.451031484768135912e-05 -5.406818014931169883e-05
1.895216784624858489e-04 3.245115926769370253e-04 5.972136810105208461e-04 -5.587553685322825710e-04 -4.629058608493903616e-04 -2.636966550497522378e-04 1.162372681704583791e-04 4.409126543002326454e-03 -2.930429299127964280e-04 -1.850031159731074912e-04 -2.069380383353831160e-04 -1.755877817592805179e-04 -1.145358655248981993e-04 1.583976119148731911e-04 7.757194695240810910e-05 -1.311751866949419295e-05 1.950362092555186144e-04 1.168254364045875909e-04 -7.891276733185566804e-05
-1.261636745653271178e-04 -1.995650560786125290e-04 1.054089104529080972e-04 -2.208715495196657874e-05 1.701152544617412900e-04 4.144799512845707425e-04 6.196751068535550624e-05 -2.930429299127964280e-04 3.319201510800070566e-03 1.704198660683250977e-04 1.335142521770156952e-05 -1.992191517876630097e-05 -5.230579575373071248e-05 -5.296768110894840576e-05 6.405877914487154818e-05 -9.741210067125210485e-05 -1.514108505402551310e-04 -2.199808182540616936e-04 1.918202741175623516e-05
-9.707984749967996899e-05 -3.076838613362530830e-04 6.124961392875227307e-04 -6.291572865932839426e-05 -2.808769409744946654e-04 -1.449065193136779279e-04 3.117203002909821070e-04 -1.850031159731074912e-04 1.704198660683250977e-04 3.106865353875891585e-03 2.672830465874302523e-04 -6.084962026003648799e-05 -9.536185509913433337e-05 3.857718098978654914e-04 -2.002064918215226699e-06 -1.265388707414111713e-04 -3.008573325942202003e-04 -1.104382228712080631e-04 -1.282801006700933095e-05
4.235998644645401338e-04 -7.112482181162255656e-05 2.964796600573134855e-04 4.120006167600945334e-04 -4.178863821460723446e-05 2.040073558603964349e-04 -1.474630280527607648e-04 -2.069380383353831160e-04 1.335142521770156952e-05 2.672830465874302523e-04 2.643173643569385681e-03 -3.528628811576804014e-05 -1.381308105027364934e-04 3.164603680557052327e-04 8.327380194035070079e-05 6.308529174083839306e-05 9.208086450703716358e-08 1.699397847699821260e-04 -3.211832596593613370e-06
-1.214060450176000739e-03 1.027405988617034489e-03 -6.016109371966668791e-04 -1.552048820385059952e-04 3.595510340411962945e-04 -2.132090722066860627e-04 3.490343803382538039e-04 -1.755877817592805179e-04 -1.992191517876630097e-05 -6.084962026003648799e-05 -3.528628811576804014e-05 2.724366207800863957e-03 -9.667462854840976148e-05 1.495446909030780249e-05 3.378562390520349883e-04 -3.187161667777760267e-05 -7.323853098095403559e-05 -1.425917002173939321e-04 -2.404889074309392739e-04
9.770415478571234900e-04 -4.287701239683907586e-04 -5.100904225207600687e-04 2.222448369825450615e-04 -2.483618565781341636e-04 6.326349358914247977e-05 -1.165369244821596998e-04 -1.145358655248981993e-04 -5.230579575373071248e-05 -9.536185509913433337e-05 -1.381308105027364934e-04 -9.667462854840976148e-05 2.461824753277091354e-03 -2.655434294992640911e-04 2.086758026989569352e-05 7.439078658437811445e-05 -1.448131538476134419e-05 -1.875000852714376741e-04 -9.346455039875970242e-05
-4.456482682402139895e-04 3.234292108132013238e-05 7.696490829169342132e-05 6.279479617166275958e-05 -7.977340919428633462e-05 2.675458777688588736e-05 -1.289710271308854516e-04 1.583976119148731911e-04 -5.296768110894840576e-05 3.857718098978654914e-04 3.164603680557052327e-04 1.495446909030780249e-05 -2.655434294992640911e-04 1.841919370370620696e-03 2.622970651039757174e-05 -2.598876170258294786e-05 1.139697432941479848e-04 -1.926015026406784634e-04 -8.907606650368185997e-05
-4.643308741609575904e-04 6.407810158202715146e-05 4.234280796572935775e-05 3.245180897007147775e-04 -1.017705545011113782e-04 -1.295486444902801818e-04 1.550397565406173882e-04 7.757194695240810910e-05 6.405877914487154818e-05 -2.002064918215226699e-06 8.327380194035070079e-05 3.378562390520349883e-04 2.086758026989569352e-05 2.622970651039757174e-05 2.178580283509721615e-03 -3.257083350405329887e-04 -1.502715688228869030e-04 8.032875776578145895e-05 1.096911069948651744e-04
4.811893321416159451e-04 1.273981123874074340e-04 -1.898992554075436040e-04 2.069805396569088143e-04 -1.875392175744469247e-04 6.590234399621125406e-04 -1.369349183165591483e-04 -1.311751866949419295e-05 -9.741210067125210485e-05 -1.265388707414111713e-04 6.308529174083839306e-05 -3.187161667777760267e-05 7.439078658437811445e-05 -2.598876170258294786e-05 -3.257083350405329887e-04 1.781695044860959806e-03 1.166323683277044137e-04 -7.465825156407045345e-05 -5.433405392810173560e-05
-2.934756899394337076e-05 3.031541385696784078e-05 -2.326184840251333566e-05 1.660041320723622477e-04 1.743756090431938040e-04 -2.673207184958454295e-04 6.472768404922543141e-05 1.950362092555186144e-04 -1.514108505402551310e-04 -3.008573325942202003e-04 9.208086450703716358e-08 -7.323853098095403559e-05 -1.448131538476134419e-05 1.139697432941479848e-04 -1.502715688228869030e-04 1.166323683277044137e-04 1.702736665292904151e-03 4.582144427590648317e-05 -1.940938271226014483e-04
4.965694363481457487e-04 -4.070752040884227581e-05 4.225830569514077580e-04 -4.400217206283989885e-04 -1.626595556537601480e-04 -7.455142652357678833e-04 -4.451031484768135912e-05 1.168254364045875909e-04 -2.199808182540616936e-04 -1.104382228712080631e-04 1.699397847699821260e-04 -1.425917002173939321e-04 -1.875000852714376741e-04 -1.926015026406784634e-04 8.032875776578145895e-05 -7.465825156407045345e-05 4.582144427590648317e-05 1.530554471742657250e-03 3.139495825005298113e-05
1.348864104825061357e-04 -3.498036148442894527e-04 3.395101465430968917e-04 -4.714768402553434231e-05 1.987401137755032447e-04 -1.023749269430972365e-04 -5.406818014931169883e-05 -7.891276733185566804e-05 1.918202741175623516e-05 -1.282801006700933095e-05 -3.211832596593613370e-06 -2.404889074309392739e-04 -9.346455039875970242e-05 -8.907606650368185997e-05 1.096911069948651744e-04 -5.433405392810173560e-05 -1.940938271226014483e-04 3.139495825005298113e-05 1.573939121977450386e-03
