2.443650414806466664e-01 -3.699367023691400793e-04 9.000455739222007045e-04 7.131056847357647357e-04 4.340094798903060963e-03 -1.621192301479923903e-04 3.074367371413655198e-03 1.337642713259770688e-02 -1.426757307705609108e-03 -5.444449006673683818e-03 -1.708392572451053557e-03 -1.995652965633743642e-03 5.666769010309136677e-03 -1.717571761020770041e-03 1.235978942455020482e-03 1.428318890302710496e-03 1.029379147907126405e-03 -1.972212909471857296e-03 -7.650757001281623029e-04 8.609319980836336456e-04 1.606588899943719962e-03 -3.235275621623861890e-04 3.958171681782203413e-04 1.083111141979827084e-03 8.605306962082638665e-04 3.625076777969630636e-03 -1.139249236556656372e-03 2.872338816984443093e-04 -1.563334963537552796e-04 2.648220693858635219e-03 -9.812194613706204990e-04 2.207768215201437543e-03 5.371909347600039913e-04 7.939952513026572083e-04 1.897098546264198429e-03 3.477575036292990967e-04 1.218399005199640416e-03 -2.012545970496155794e-04 -9.656738103736487279e-04 -4.780592062080548342e-04 -1.246195461564919061e-04 1.595040303428352148e-03 3.934555513002485822e-04 1.518077231924558667e-05 2.625424799311837105e-04 -2.708963428266711478e-04 -5.979935258454269946e-04 -2.003714060525126550e-04 7.115962173156370517e-04 -2.688164645852863209e-04
-3.699367023691400793e-04 2.305850675805780348e-01 -3.240003530684179307e-03 -8.632395832204126096e-03 3.497766515837935110e-03 -1.212172744965789219e-03 9.233005137920200509e-04 -2.690996755742122715e-03 -7.378340926002542165e-04 3.815986125754117025e-04 -7.529693850655163126e-03 2.913630119899650490e-03 5.020723616206499394e-03 2.458394862564319480e-03 3.954367757784925928e-04 -1.141843838468234755e-03 2.336380440698600323e-03 -1.492967283756341116e-03 1.734251454617776172e-03 -7.116776026746137428e-04 4.258919374848959931e-03 -2.569071984741080374e-04 1.373547400357087679e-03 -2.672863514357873716e-03 -3.184643770855852696e-03 7.645724635479031169e-04 3.527457360694856886e-05 2.364774511991948013e-03 1.473475488341738707e-03 2.324187995396014873e-03 -5.128373331588471180e-04 -1.147096193843760280e-03 -1.469919900641977425e-04 2.675133311542802952e-03 3.924753697411123327e-04 5.376999439421090371e-04 -1.939162209225469983e-03 -5.649663217493319788e-06 -3.544050896920080177e-04 -9.590960606083242341e-04 -9.466817031334207348e-04 4.816237089296220036e-05 4.619156244213129124e-04 -1.389772948574856089e-03 -5.551555283023748626e-05 8.839351631243289042e-05 1.189618668467811845e-03 -4.872876035049163277e-04 -8.939811756537450940e-04 5.926316258556192131e-04
9.000455739222007045e-04 -3.240003530684179307e-03 1.943282602232022094e-01 3.187896068372672934e-03 -3.846692913181360362e-04 -2.272477664989243969e-03 4.310576228890391874e-03 -3.859500523785459967e-03 2.126383500424470878e-03 2.977483999147412328e-03 3.120677547720797189e-03 -5.624190916475538954e-04 -1.568833081274719756e-03 1.901248167543906830e-03 1.947241287764695915e-03 2.648474950654804063e-03 7.448830514584153318e-05 -2.694904293304841488e-03 6.912837617714135286e-04 3.605819302457185724e-04 -1.726735624605266997e-04 -9.661178497123371197e-04 9.176737882473753926e-04 -1.840208950209432483e-03 4.410403352173745891e-05 -1.492891026924118847e-03 4.018996765207113000e-04 9.077479345701743767e-04 -3.230463102948869631e-04 1.323384636129859007e-03 -5.647621293498452993e-04 1.346659348819362117e-03 7.883117057420393342e-04 -6.591909749910122244e-04 -2.990929316756352836e-04 4.825290832206233189e-05 -1.823758077654134510e-04 -2.610054434298106915e-04 -1.807082128639747023e-04 2.171651993742272093e-04 5.222000214608722582e-04 -6.967603682735067864e-04 1.643437385344921750e-03 2.002308554835570127e-04 8.578762839272261690e-04 1.461352439308739089e-03 6.325188442553163638e-04 5.548277822999420896e-04 -1.290592715806349869e-04 3.765380805569797072e-06
7.131056847357647357e-04 -8.632395832204126096e-03 3.187896068372672934e-03 1.786292690269949690e-01 3.227948996026127476e-03 3.021911092177984818e-05 2.128923984006446651e-03 -2.628903015393458786e-03 -3.314360102553600296e-03 3.892753210460266500e-03 1.174666289786668828e-03 -2.378082794449243483e-03 7.065071704897534898e-04 4.083418048390564242e-03 -7.713000872951838224e-04 2.225513936647310204e-03 1.399269579176609310e-03 1.311621442362716130e-03 -2.094156660649891793e-03 -9.259670773930815061e-04 -2.418811484726267683e-03 -2.814885274967760843e-03 1.711398138149222139e-03 9.417855479816532142e-04 -5.494442229083760631e-04 -7.315905487847443800e-04 6.688751603612139813e-04 8.516198222018013997e-04 -1.429939108797537465e-03 -4.763307587609093697e-04 3.332059874546801359e-05 3.772303544316162093e-05 9.172996522489587287e-04 7.465057463767863942e-04 -5.546557050310418294e-04 3.298169808742424801e-04 -1.535750834654197759e-03 -2.685467257048755466e-05 5.242696473768770991e-04 -1.800648703677381300e-03 -7.668226698225589751e-04 1.087847255946172969e-03 -3.387719581824083352e-04 4.708990227053744650e-04 6.090277575146376549e-04 1.192785104859676306e-04 6.496812114271455826e-04 9.199155750287514935e-04 -1.973068792916880018e-04 -4.056884237946679472e-05
4.340094798903060963e-03 3.497766515837935110e-03 -3.846692913181360362e-04 3.227948996026127476e-03 1.623829175594896368e-01 2.261801272429563199e-03 3.409583215242035885e-03 1.079354883358236636e-03 5.388347813336622806e-03 2.909241986245729526e-03 2.778114186033970277e-03 -1.227576659572801078e-03 -1.612123381106336404e-03 -8.579415286391824547e-05 -8.636365594730509862e-05 -1.591268765494844662e-03 -2.959965033460313895e-04 3.652087534349693441e-03 -1.559497500176013855e-03 3.754167216797257975e-04 -1.444593520832717108e-03 -1.075774762891391597e-03 -1.983149070607195027e-03 2.250865651628151671e-04 1.158321977127101153e-03 -1.469522217384873356e-03 2.781677507589487130e-03 -1.454055291376976687e-03 9.871797792174346383e-04 -2.177871943798726786e-04 -8.752090202963360658e-04 -8.566375813864718065e-05 1.166728504956288711e-03 -6.093766393017674638e-04 2.813580538920519526e-04 6.683222558436090503e-04 -1.800702356772767958e-03 7.514196963970811924e-04 8.068972571749260993e-05 -5.873027548728614261e-04 -1.717967601332058732e-03 6.459830299513298667e-04 1.129688111326669240e-03 1.242590962633529381e-04 5.682768610490201077e-04 2.417442136441593924e-04 8.340590739460126751e-04 1.028952633512136275e-03 8.711593289623043761e-04 -3.157183975310397586e-04
-1.621192301479923903e-04 -1.212172744965789219e-03 -2.272477664989243969e-03 3.021911092177984818e-05 2.261801272429563199e-03 1.538044542368082468e-01 3.062574849616413013e-03 -1.031528376379304765e-03 2.499417942443778271e-03 -4.186250256595629052e-04 -1.458242358044079846e-03 -6.821339816652665679e-04 -8.132184024449058430e-04 -5.469476713608478757e-04 -1.519950105419208683e-03 -3.928672620604587926e-03 8.807055598334244829e-04 -5.267216687129069484e-04 8.249208285562520740e-04 -2.181281945010115492e-03 3.498450433073195965e-03 1.756362561628488535e-03 3.953651273363640618e-04 -8.566194107836210729e-04 -9.079279714166380976e-04 3.422455442982692223e-03 2.748577942760244315e-03 1.311143542882934373e-04 1.239776895017654767e-03 -1.841716347085655813e-05 -3.440166667612104740e-04 -2.495856838422667520e-03 7.641220039601637941e-04 1.509147901911548663e-03 -1.229199093548338393e-03 7.534647386968566351e-04 -4.645728811709062714e-04 1.493403271428024939e-03 -6.007282242669730737e-04 -7.237995533272516529e-04 2.048948637734445690e-04 -1.843295287990846288e-04 8.410864673976534622e-04 -1.158344707495610011e-03 3.137716122694344406e-04 5.867678943156472279e-04 3.645623227807451359e-04 -4.325974504971403568e-04 -1.639775205225819249e-04 -9.472384035089155573e-05
3.074367371413655198e-03 9.233005137920200509e-04 4.310576228890391874e-03 2.128923984006446651e-03 3.409583215242035885e-03 3.062574849616413013e-03 1.412554188190771609e-01 -1.032520397573225305e-03 -8.012658258139103169e-04 1.358125829628423643e-03 1.359738994812008470e-04 -4.143160676163489030e-04 -2.642177726774969852e-04 -2.272282071526935017e-03 -2.762217406605714781e-03 -3.033116561972061965e-03 9.714492406155339423e-05 -1.106743395628934654e-03 7.939804953498590155e-04 -2.236471703975088693e-04 1.204924711006779723e-03 -2.536360174031190482e-04 2.484055111570604522e-03 -7.864040598459064299e-04 1.468065441108914754e-03 -1.530264460367550651e-03 -1.105510393961748510e-03 3.779310127178049422e-05 -1.278398702750565111e-05 -3.775756286190472808e-04 7.929586235384811221e-04 9.543272009818130463e-04 -6.047954537360861237e-04 4.182201308423425662e-04 6.668477839053755423e-04 -6.815358151631462254e-04 -5.801840639794520263e-04 -5.149275015913977417e-04 -1.169675003211513315e-03 -2.800418792957475120e-04 -4.509705051759966567e-04 -1.029581532289544589e-03 1.112178571672494190e-03 -4.682025163662471520e-04 -2.372510907986710542e-04 1.768142869267471100e-04 -6.715555681601571630e-05 -1.117827607587156642e-03 -6.077759429218685023e-05 -6.545542882427673364e-04
1.337642713259770688e-02 -2.690996755742122715e-03 -3.859500523785459967e-03 -2.628903015393458786e-03 1.079354883358236636e-03 -1.031528376379304765e-03 -1.032520397573225305e-03 1.250780729170372363e-01 9.300835380859750340e-04 -4.362966361538917967e-03 -3.412144435328756317e-03 -2.543761291012691227e-03 3.201905113568780472e-04 -2.145957402821024786e-04 2.465753235854744804e-03 2.296376977335088927e-04 -5.394599263451649361e-06 -5.925059566834172797e-04 1.415650052461926581e-03 -1.107519572016297778e-04 3.837707592328606400e-03 -5.546205970969591420e-04 1.967008260772806251e-03 -9.979180474551846750e-05 9.426433669789910938e-04 9.174222140168898079e-04 -6.948547580607506314e-04 3.234375098459756596e-05 9.619296601933894708e-05 1.087984307957971146e-03 -1.691906607373267477e-04 6.778894254271498757e-04 8.114340107807471551e-04 3.267783595803593652e-04 -2.976634423828965767e-04 5.341798467695390044e-04 -1.550675350293971621e-03 1.068346033212723553e-03 1.164641109830063994e-03 7.337637762563658150e-05 -1.980955467047341024e-04 3.340623087867450759e-04 -4.804883212078782731e-04 -5.738430082976825157e-04 3.580714096274786461e-04 8.624183860246264306e-04 4.176302769961666699e-04 2.052977466389803614e-04 -4.096724777478216403e-04 3.704726542967982732e-04
-1.426757307705609108e-03 -7.378340926002542165e-04 2.126383500424470878e-03 -3.314360102553600296e-03 5.388347813336622806e-03 2.499417942443778271e-03 -8.012658258139103169e-04 9.300835380859750340e-04 1.174189002232709361e-01 -5.914082896956015731e-04 -8.268025291503590174e-04 -3.768530221340595128e-03 2.085040986785401899e-03 -2.591051849151705037e-04 2.541994156889393949e-03 -2.766809464418601081e-03 -1.348356226299824573e-03 -6.856799813157053638e-04 -4.667459708404652317e-03 -3.492475522615067201e-04 3.737519022337720885e-04 -2.508714402155900591e-03 1.049434514594045674e-03 -1.056709323906009513e-03 -1.856287740111948808e-03 -1.298295511059633723e-03 2.657012268038734266e-03 5.937627296130208905e-04 2.188838717581625222e-04 1.114383483699347976e-03 2.978642321456538824e-05 -5.697889783570546591e-04 -3.650524931733276296e-04 -2.788617730718966851e-04 -1.050265974216112392e-03 -3.873647782555043255e-04 -6.850285219892458420e-04 1.432224748561056139e-04 -3.344704046601706753e-04 2.121235132488035803e-04 1.577279718498453666e-04 -1.031845876068040145e-03 -4.707282090747865735e-04 -3.730565409325619817e-05 2.410704788014612484e-05 -6.142442668705397823e-04 4.190715917621298304e-04 6.492404642881699061e-04 9.281494607625502590e-04 -1.677131216790257403e-04
-5.444449006673683818e-03 3.815986125754117025e-04 2.977483999147412328e-03 3.892753210460266500e-03 2.909241986245729526e-03 -4.186250256595629052e-04 1.358125829628423643e-03 -4.362966361538917967e-03 -5.914082896956015731e-04 1.069559306314261937e-01 5.340596352097866893e-03 -1.600643202623834712e-03 -7.902913715641717235e-04 1.507261920953293635e-03 -7.791198422907708683e-04 -9.458064118713022453e-05 1.180508577128601237e-03 1.898330735786394479e-04 -8.874750777119342010e-04 1.042295798771606741e-03 -1.041217270285977941e-03 -8.457876320984399673e-04 4.371328034373223839e-04 1.495369028882748055e-03 2.527732185336560968e-04 -1.888923233494817049e-04 1.929558125595407609e-03 1.732005017635210406e-04 1.100024028497283536e-03 1.264298758989316129e-03 -1.520715325447031478e-03 7.324877997904867500e-04 -6.788105940691281604e-04 -1.397027738194483743e-03 -4.453480229115034566e-04 5.305693874223788411e-04 -7.737231654091330374e-04 -5.170169262057403839e-04 2.601937953331419904e-04 -5.707828190661604203e-04 -4.381197085461890038e-04 3.461548103637077166e-04 6.530556285029937231e-04 8.391985270580571213e-04 -2.189498072197145948e-04 9.926380529331573204e-04 1.848071103497552338e-04 3.512388653515270080e-04 1.682417423666747968e-04 9.268855431971330123e-04
-1.708392572451053557e-03 -7.529693850655163126e-03 3.120677547720797189e-03 1.174666289786668828e-03 2.778114186033970277e-03 -1.458242358044079846e-03 1.359738994812008470e-04 -3.412144435328756317e-03 -8.268025291503590174e-04 5.340596352097866893e-03 9.940536839263287849e-02 4.614890523497888232e-04 -3.774456061298176856e-04 -1.535145299870945262e-03 -9.079762898975176754e-04 7.301321802558928759e-04 -3.827544991097046878e-03 -6.600477520087625913e-06 1.121030628698699728e-03 1.065848206327503793e-03 -1.046440866918838626e-03 -7.585543746031485650e-04 3.495263420500222722e-04 2.355685276359768994e-03 -1.766257498444113484e-03 1.325296683038391802e-03 1.989924032216097965e-03 -1.682514215462656260e-04 8.005249308427247806e-04 -5.544073768922770781e-04 -8.864582692379050985e-04 -5.533673293919912145e-06 1.581074238118454771e-04 6.739436817153414937e-04 -1.277126683838653628e-03 -2.799549420107564648e-04 1.024630721531781486e-03 1.912456472548763940e-04 6.358126422681712950e-04 -1.736729437536371941e-03 -6.131535728025400622e-04 9.656320099789922557e-04 -2.617873685280407993e-04 1.922944050301916223e-04 4.310100903109003682e-04 1.187074334811242870e-04 4.058772510493443620e-04 -5.881751205729152847e-04 -3.116546471525383395e-04 -2.313565106581244276e-05
-1.995652965633743642e-03 2.913630119899650490e-03 -5.624190916475538954e-04 -2.378082794449243483e-03 -1.227576659572801078e-03 -6.821339816652665679e-04 -4.143160676163489030e-04 -2.543761291012691227e-03 -3.768530221340595128e-03 -1.600643202623834712e-03 4.614890523497888232e-04 9.123857432530521616e-02 -2.961855203830265383e-03 4.686296478782907803e-03 -1.148896047496197458e-03 1.365459210195258191e-03 2.302306074115315071e-03 -5.765784893845319302e-04 -5.249071954938209139e-04 -2.036731281655260271e-03 -2.020184797420288068e-04 2.750554427744905900e-04 -5.716011076539495887e-04 1.398309457573828848e-04 1.467540487013871322e-03 -2.300482605272157171e-04 -5.317624870234194997e-04 -7.334483736760167129e-04 -3.961598582854061116e-04 6.023348187071444473e-04 -4.848649128744430279e-04 -5.376896671326063682e-04 -1.038912168358198385e-03 2.928477952744635757e-04 2.815067176119569973e-04 1.901110149143273378e-03 -3.182365034333666702e-04 6.914466664809087310e-04 2.761704142090021198e-04 -4.983088921720653245e-04 -2.625069752297816655e-04 2.561981965320160462e-04 6.215630947370178166e-04 8.099409787647123793e-06 1.034364751719075732e-03 2.174143636255224360e-04 1.225945654344939167e-04 1.183779399017981780e-04 -5.317903855071833615e-05 -9.620150083070046177e-05
5.666769010309136677e-03 5.020723616206499394e-03 -1.568833081274719756e-03 7.065071704897534898e-04 -1.612123381106336404e-03 -8.132184024449058430e-04 -2.642177726774969852e-04 3.201905113568780472e-04 2.085040986785401899e-03 -7.902913715641717235e-04 -3.774456061298176856e-04 -2.961855203830265383e-03 8.148853656342307239e-02 2.426771183073128581e-03 1.915698154781869797e-03 -1.097098390321523276e-03 -9.705970114044621365e-04 1.866640058899738741e-03 -4.144220795758790459e-04 1.222912592448800783e-03 1.229661205037442919e-03 5.834866288789327922e-04 1.013856249265133102e-03 -6.122986932761860773e-04 6.164944948278931617e-04 1.356319130885514593e-03 -4.300688441007068964e-04 -7.115937865180166789e-04 -4.920533852261328939e-04 9.408081750994162578e-05 3.162313543910150166e-05 2.468936685293576143e-04 4.046559017763038247e-04 -6.754422715377181481e-04 9.024984642496402002e-04 -1.264875316091321894e-03 -2.907742238493300139e-04 2.093644700733289456e-04 7.444593198491872245e-04 8.447126868104304267e-04 4.902641379262361000e-04 -3.033666055201429332e-04 -7.481250441662673067e-04 1.042900303363472099e-04 5.193760131864141958e-05 -5.222839268175429733e-04 7.858322544718811557e-05 -2.223961591381353169e-04 2.387860808588917669e-04 1.705683041395716925e-04
-1.717571761020770041e-03 2.458394862564319480e-03 1.901248167543906830e-03 4.083418048390564242e-03 -8.579415286391824547e-05 -5.469476713608478757e-04 -2.272282071526935017e-03 -2.145957402821024786e-04 -2.591051849151705037e-04 1.507261920953293635e-03 -1.535145299870945262e-03 4.686296478782907803e-03 2.426771183073128581e-03 7.823096540151128209e-02 -9.661554729485402572e-04 -1.839627617611678092e-03 -7.225974725920611781e-06 1.489186295472611875e-05 -2.137042790702586761e-03 9.375071797898446545e-04 2.658437752822931637e-03 -1.449936133984503590e-03 1.847708068353466756e-03 -3.661595133057804919e-03 -2.625144920262748063e-05 -1.734356087428458402e-04 -1.798455590116452250e-03 -4.985757173174662249e-05 -1.066958446859689671e-03 -5.327083947925948925e-04 8.150876892619910536e-04 5.564284426551649974e-04 5.267804136272489016e-04 -5.544886055477037850e-04 1.015505149222172937e-04 -2.727722153880183576e-04 -4.090144952810242257e-04 -1.019764087744627797e-03 8.364541618467357048e-04 -5.672485621422254290e-05 -1.873731012428493463e-04 6.419148895728598670e-04 6.548685793007442751e-04 6.056245161806594413e-04 2.292383642471019524e-04 -9.702160411341117239e-04 4.049928714582590856e-04 6.179583574409016873e-04 -2.222775867537942873e-04 2.361781166399819893e-04
1.235978942455020482e-03 3.954367757784925928e-04 1.947241287764695915e-03 -7.713000872951838224e-04 -8.636365594730509862e-05 -1.519950105419208683e-03 -2.762217406605714781e-03 2.465753235854744804e-03 2.541994156889393949e-03 -7.791198422907708683e-04 -9.079762898975176754e-04 -1.148896047496197458e-03 1.915698154781869797e-03 -9.661554729485402572e-04 7.118133218267867768e-02 1.648106267660869474e-03 -1.113229577302688811e-03 1.196605690661003323e-03 -1.189021804577216658e-03 1.247952200320262854e-03 -6.655880935751721313e-05 -1.048731687810036369e-03 1.466758414603493762e-03 5.125476181123454029e-04 -8.434162749309462173e-04 -6.515835710769856803e-04 1.227820021630032961e-03 -3.928939803666787415e-04 -2.524438765657281009e-03 4.278268382399186861e-05 5.647319758477438228e-04 3.087932529326248732e-05 3.659843467964687914e-04 -1.730798029904915918e-04 1.179358694622787193e-04 8.229245662798273346e-04 -5.465861196830654612e-05 -9.048088375775340236e-04 -1.667597145548824883e-04 1.407339495474527202e-05 1.969038112377205084e-04 1.038815400884281805e-04 6.033178941167125506e-04 5.766819506618263902e-05 -5.528048646158532529e-04 -9.945290121901817710e-05 1.949640318757054703e-04 5.117384693864888501e-04 -2.668328363862297473e-04 -2.923212853707353519e-04
1.428318890302710496e-03 -1.141843838468234755e-03 2.648474950654804063e-03 2.225513936647310204e-03 -1.591268765494844662e-03 -3.928672620604587926e-03 -3.033116561972061965e-03 2.296376977335088927e-04 -2.766809464418601081e-03 -9.458064118713022453e-05 7.301321802558928759e-04 1.365459210195258191e-03 -1.097098390321523276e-03 -1.839627617611678092e-03 1.648106267660869474e-03 6.548890150271902133e-02 -1.092982105094321204e-03 -4.775755923315699088e-04 -1.850384315760793871e-03 -3.148344847545137123e-04 9.692176868841542378e-04 9.708705991271941249e-04 -8.380876137956625718e-04 -1.441089793494029758e-04 -1.565305486669972242e-03 4.293990828344721507e-04 6.490662324201796826e-04 8.661593233125414789e-04 4.520620177238100865e-04 -1.951047404442456383e-04 1.756277353335749050e-04 -9.911466412921236119e-04 4.423121213314276418e-04 1.082814900547943810e-03 -7.981517551828517815e-04 -3.483019378264181113e-04 9.047733277989444204e-05 2.891785310824366694e-04 1.038132138809630064e-04 4.465081500570266745e-04 -2.877128391223390770e-04 9.032402356353646871e-05 -3.020018744359725081e-04 4.533571593385444100e-04 2.178470697250959123e-04 -2.445861287640854189e-04 4.355876392251804667e-04 4.779116115061627897e-05 3.602716896076901321e-04 -4.133237399263607419e-04
1.029379147907126405e-03 2.336380440698600323e-03 7.448830514584153318e-05 1.399269579176609310e-03 -2.959965033460313895e-04 8.807055598334244829e-04 9.714492406155339423e-05 -5.394599263451649361e-06 -1.348356226299824573e-03 1.180508577128601237e-03 -3.827544991097046878e-03 2.302306074115315071e-03 -9.705970114044621365e-04 -7.225974725920611781e-06 -1.113229577302688811e-03 -1.092982105094321204e-03 5.658669491313310373e-02 5.958827716544791908e-04 -3.282136851045446523e-04 4.834580131977163895e-04 -4.141075323329073397e-04 8.518509863690046195e-04 7.341193105058940098e-05 5.789598119916025210e-04 -3.302114268862794315e-05 5.108292120787319337e-04 -2.422977778915036406e-04 1.859724746524456067e-03 1.004327886143801277e-04 -7.094729472834083442e-04 -3.739893714530090037e-04 5.491443271753515347e-05 3.238024973472591211e-05 4.852475153130168784e-04 -2.746898861084674163e-04 -2.750967964465010998e-04 -6.112823041307565959e-04 -1.231616691811314825e-04 -5.087706374412916685e-04 9.576615751662344691e-04 2.543476498677361042e-04 -3.469956578413996339e-04 2.966258258423053076e-04 -1.453426409448259056e-04 1.436817914212528010e-04 3.947614799809087889e-04 5.519225019564587579e-04 1.364809702677980666e-04 -7.710560025738019284e-05 -2.118190630581577344e-04
-1.972212909471857296e-03 -1.492967283756341116e-03 -2.694904293304841488e-03 1.311621442362716130e-03 3.652087534349693441e-03 -5.267216687129069484e-04 -1.106743395628934654e-03 -5.925059566834172797e-04 -6.856799813157053638e-04 1.898330735786394479e-04 -6.600477520087625913e-06 -5.765784893845319302e-04 1.866640058899738741e-03 1.489186295472611875e-05 1.196605690661003323e-03 -4.775755923315699088e-04 5.958827716544791908e-04 5.142240771591686382e-02 8.802065121923792436e-04 -5.496541305020168598e-04 -1.915990068533874983e-03 5.376004171719914529e-04 1.407838068723468554e-03 1.600651551422159913e-03 1.116956173959089541e-04 1.087553709346718083e-03 -2.997650799176265128e-04 2.472838529420745920e-05 3.473255178724584573e-04 7.589927708704725983e-04 -6.450485831775554625e-04 -3.151079702817708534e-04 5.392372348911859568e-04 7.464920273537169963e-05 2.353352875454269586e-04 -1.581050185136521641e-03 -4.890262497016727942e-04 2.305825045514391309e-04 6.466071981496881700e-04 1.841167810519693339e-05 -1.939646186915966269e-04 8.216167177933001147e-04 -3.993333457183023271e-04 -1.263532313351048550e-04 -7.970231090053002854e-05 1.676280877309918116e-04 -1.058530588355845073e-04 8.530598267970682341e-05 -7.730643187717624147e-04 -1.088745370090466884e-04
-7.650757001281623029e-04 1.734251454617776172e-03 6.912837617714135286e-04 -2.094156660649891793e-03 -1.559497500176013855e-03 8.249208285562520740e-04 7.939804953498590155e-04 1.415650052461926581e-03 -4.667459708404652317e-03 -8.874750777119342010e-04 1.121030628698699728e-03 -5.249071954938209139e-04 -4.144220795758790459e-04 -2.137042790702586761e-03 -1.189021804577216658e-03 -1.850384315760793871e-03 -3.282136851045446523e-04 8.802065121923792436e-04 4.911806968674209406e-02 1.346062000742119990e-03 1.078389803050600754e-03 3.644951679235403606e-04 -9.124696895367035137e-04 3.238705522359421160e-04 -5.373043722215306746e-04 -3.740326410132180910e-04 1.147022665600553552e-03 -2.015281461796892832e-04 -6.257089075416179128e-04 -6.473371622548367357e-04 -2.280000333435742521e-04 1.376459201860700697e-03 3.179102160799947958e-04 2.462942859939566361e-05 2.612130636017123242e-04 3.063928235536765381e-04 8.911568762413439593e-04 -1.034753683913021855e-04 -1.894373269690779343e-04 -1.512987716652217801e-04 2.983626865602103631e-04 -4.997195669541032708e-04 -3.104377169270063097e-04 -1.492073607197836075e-03 -1.903562050083271867e-05 9.570432476626692948e-06 -1.505404443344609947e-04 -2.215230516981239717e-04 4.120105546341316661e-05 3.041908750553241330e-05
8.609319980836336456e-04 -7.116776026746137428e-04 3.605819302457185724e-04 -9.259670773930815061e-04 3.754167216797257975e-04 -2.181281945010115492e-03 -2.236471703975088693e-04 -1.107519572016297778e-04 -3.492475522615067201e-04 1.042295798771606741e-03 1.065848206327503793e-03 -2.036731281655260271e-03 1.222912592448800783e-03 9.375071797898446545e-04 1.247952200320262854e-03 -3.148344847545137123e-04 4.834580131977163895e-04 -5.496541305020168598e-04 1.346062000742119990e-03 4.766973492945467822e-02 2.455093758190403895e-03 -9.249198703490230621e-04 5.743697315999734491e-04 2.034543551956466845e-03 -7.216063639984605666e-05 -3.328489967212493270e-04 6.285370655472353671e-04 3.162413729513505580e-04 8.520285765859959165e-05 -4.270263295370997029e-04 1.054943680433786815e-03 -3.135136208907804314e-04 1.044883966618545979e-03 -1.302050378014317348e-04 2.909604067794849123e-05 -7.844494630158730351e-04 5.652226406522015264e-04 -3.413640483904275495e-04 -6.006637093306063831e-04 3.659712379516045160e-05 6.828133166142017580e-04 -1.921389773923224678e-04 -5.265661588663459814e-04 4.173361192623395097e-04 -1.499440675239846672e-04 -3.812722811531369499e-04 2.940598936331687637e-04 2.773838115754110657e-04 2.589809495438931842e-04 -2.583639659738154286e-04
1.606588899943719962e-03 4.258919374848959931e-03 -1.726735624605266997e-04 -2.418811484726267683e-03 -1.444593520832717108e-03 3.498450433073195965e-03 1.204924711006779723e-03 3.837707592328606400e-03 3.737519022337720885e-04 -1.041217270285977941e-03 -1.046440866918838626e-03 -2.020184797420288068e-04 1.229661205037442919e-03 2.658437752822931637e-03 -6.655880935751721313e-05 9.692176868841542378e-04 -4.141075323329073397e-04 -1.915990068533874983e-03 1.078389803050600754e-03 2.455093758190403895e-03 4.117135700813119581e-02 -1.235801572697403303e-03 2.008157188264721518e-03 2.244456981409190548e-04 -3.809038042143801303e-04 -3.234832035243092826e-04 -1.077711592679241048e-03 -1.159357080280523514e-03 7.173951721594677916e-04 8.045282421014963948e-04 -9.990229176585641718e-04 1.835391388970578422e-04 2.409012425407917207e-04 7.363257477614972750e-04 7.278132540798694546e-04 -5.369434663263660977e-04 6.105377811381947897e-04 8.497106066264901916e-04 -3.478217828532545415e-05 1.309463212020383382e-05 1.120937094754312027e-04 -3.749267576442962945e-05 2.156272231644384540e-04 -9.740237132919384760e-05 4.167592708125359693e-04 1.798444484449386485e-04 -1.473686557680062108e-04 -4.557864809878471699e-04 2.441345692217961538e-04 2.429020316782156601e-04
-3.235275621623861890e-04 -2.569071984741080374e-04 -9.661178497123371197e-04 -2.814885274967760843e-03 -1.075774762891391597e-03 1.756362561628488535e-03 -2.536360174031190482e-04 -5.546205970969591420e-04 -2.508714402155900591e-03 -8.457876320984399673e-04 -7.585543746031485650e-04 2.750554427744905900e-04 5.834866288789327922e-04 -1.449936133984503590e-03 -1.048731687810036369e-03 9.708705991271941249e-04 8.518509863690046195e-04 5.376004171719914529e-04 3.644951679235403606e-04 -9.249198703490230621e-04 -1.235801572697403303e-03 3.833211561025157837e-02 -1.808769719238062556e-03 2.410666455951669110e-04 -2.510091716295214759e-04 -1.566953096935030096e-04 7.042661524568578435e-04 3.142484389327630107e-04 -4.492125857834594941e-04 -4.796730576152435357e-04 5.400837626625164863e-04 -4.839657554946245346e-04 1.573160514128971765e-05 3.224711488440914131e-04 6.800449150711835233e-05 -6.806405280197723711e-04 -3.199649096562686063e-04 -4.356921587832630156e-04 -7.859670342738853165e-04 2.634113962369238220e-04 -3.445726118336934303e-04 2.733896732214104435e-04 2.249026955256145288e-04 2.877279665680367547e-04 3.911866295818988942e-04 2.236971103483150630e-04 -1.696249549433278105e-04 -3.102684374576443731e-04 -2.039402294881520082e-04 3.569372384490671741e-04
3.958171681782203413e-04 1.373547400357087679e-03 9.176737882473753926e-04 1.711398138149222139e-03 -1.983149070607195027e-03 3.953651273363640618e-04 2.484055111570604522e-03 1.967008260772806251e-03 1.049434514594045674e-03 4.371328034373223839e-04 3.495263420500222722e-04 -5.716011076539495887e-04 1.013856249265133102e-03 1.847708068353466756e-03 1.466758414603493762e-03 -8.380876137956625718e-04 7.341193105058940098e-05 1.407838068723468554e-03 -9.124696895367035137e-04 5.743697315999734491e-04 2.008157188264721518e-03 -1.808769719238062556e-03 3.495058870998780237e-02 6.435610484456026322e-04 2.744350999174007422e-03 -2.076781521088965634e-04 -8.673009602974292564e-06 -9.528092683445686705e-04 1.506529142097993252e-03 2.766255236138909766e-04 -1.996606018094068289e-04 -1.633333618272311165e-04 5.742977647622990412e-04 7.891344468224431238e-04 -3.666522436158128786e-04 -2.955891406204950306e-04 4.302778298261351756e-04 -4.595203118310707221e-04 5.196298744706491805e-04 3.605818113099693023e-04 6.268482045424307624e-05 2.115702245961195976e-04 -4.715264831825488064e-05 1.392981654737838115e-04 -6.310200662938274556e-05 2.086573287842014208e-04 -2.666219878305466171e-04 -2.029208480279731089e-04 2.380531670412434193e-04 1.045642539420375068e-04
1.083111141979827084e-03 -2.672863514357873716e-03 -1.840208950209432483e-03 9.417855479816532142e-04 2.250865651628151671e-04 -8.566194107836210729e-04 -7.864040598459064299e-04 -9.979180474551846750e-05 -1.056709323906009513e-03 1.495369028882748055e-03 2.355685276359768994e-03 1.398309457573828848e-04 -6.122986932761860773e-04 -3.661595133057804919e-03 5.125476181123454029e-04 -1.441089793494029758e-04 5.789598119916025210e-04 1.600651551422159913e-03 3.238705522359421160e-04 2.034543551956466845e-03 2.244456981409190548e-04 2.410666455951669110e-04 6.435610484456026322e-04 3.186724957483130088e-02 9.756650630951393466e-05 3.628735989205468309e-04 -5.807410553421647314e-04 -1.055402714173481410e-03 -3.951147542616293491e-04 6.495761519126351568e-04 9.768760512864306175e-04 3.293163677629567143e-04 3.638222180926083994e-04 -1.062209266314942911e-03 -5.062859942535005838e-04 2.111333663284775208e-04 8.389737558430097279e-04 6.509665999716086372e-04 -2.817622544391578028e-04 9.551052260443696482e-05 -2.505249699275752294e-04 1.143650356233709729e-04 -5.088698234539585676e-04 -3.393649898937317480e-04 4.249873445607957773e-05 3.466081593397501472e-04 1.807780987431269388e-04 2.998856066174364647e-04 3.577203161653575228e-04 1.196522398012394656e-04
8.605306962082638665e-04 -3.184643770855852696e-03 4.410403352173745891e-05 -5.494442229083760631e-04 1.158321977127101153e-03 -9.079279714166380976e-04 1.468065441108914754e-03 9.426433669789910938e-04 -1.856287740111948808e-03 2.527732185336560968e-04 -1.766257498444113484e-03 1.467540487013871322e-03 6.164944948278931617e-04 -2.625144920262748063e-05 -8.434162749309462173e-04 -1.565305486669972242e-03 -3.302114268862794315e-05 1.116956173959089541e-04 -5.373043722215306746e-04 -7.216063639984605666e-05 -3.809038042143801303e-04 -2.510091716295214759e-04 2.744350999174007422e-03 9.756650630951393466e-05 2.921148451390296122e-02 -2.759348701744384507e-04 4.586107634367690721e-04 -6.059566946537523228e-04 -9.456869671579833103e-04 -2.222486420804385720e-04 -3.548172735144023717e-04 4.278145312715228620e-04 -2.387242973667001657e-04 6.973471490507123817e-05 -9.823234158466520691e-05 -7.556502141566761883e-04 -1.090606264454480321e-05 9.807987964734765922e-05 1.283332674416978899e-04 1.977544373728125728e-04 -6.036507125077272525e-04 1.581146215604552836e-04 6.720026482520403662e-05 2.260282513021941132e-04 7.566462140268622382e-05 3.753589071432304942e-04 -1.893766346370174148e-04 6.835804101672727162e-05 2.373008256924722347e-04 -3.849164908443210520e-05
3.625076777969630636e-03 7.645724635479031169e-04 -1.492891026924118847e-03 -7.315905487847443800e-04 -1.469522217384873356e-03 3.422455442982692223e-03 -1.530264460367550651e-03 9.174222140168898079e-04 -1.298295511059633723e-03 -1.888923233494817049e-04 1.325296683038391802e-03 -2.300482605272157171e-04 1.356319130885514593e-03 -1.734356087428458402e-04 -6.515835710769856803e-04 4.293990828344721507e-04 5.108292120787319337e-04 1.087553709346718083e-03 -3.740326410132180910e-04 -3.328489967212493270e-04 -3.234832035243092826e-04 -1.566953096935030096e-04 -2.076781521088965634e-04 3.628735989205468309e-04 -2.759348701744384507e-04 2.687185530592115651e-02 -1.721387915117851618e-04 9.557185463093761414e-04 -5.067435504907769961e-05 -2.645045577196044221e-06 5.949972268268038629e-04 -8.892506691652591862e-04 1.828685575465857074e-04 5.544611980984270015e-04 -1.914962660498933900e-04 -6.670643922841416754e-04 9.467011388021411011e-05 2.648096412535654574e-04 5.954445643099132374e-04 -2.090300932316067840e-04 5.153670389368951313e-04 -1.819953311202066200e-04 7.931152939331036038e-04 -2.469162018465943624e-04 1.467968576968972378e-04 -1.602558964763402000e-04 -2.724328816935998269e-04 -4.522000463387323716e-04 -1.788847978597816102e-04 3.384448177253341695e-05
-1.139249236556656372e-03 3.527457360694856886e-05 4.018996765207113000e-04 6.688751603612139813e-04 2.781677507589487130e-03 2.748577942760244315e-03 -1.105510393961748510e-03 -6.948547580607506314e-04 2.657012268038734266e-03 1.929558125595407609e-03 1.989924032216097965e-03 -5.317624870234194997e-04 -4.300688441007068964e-04 -1.798455590116452250e-03 1.227820021630032961e-03 6.490662324201796826e-04 -2.422977778915036406e-04 -2.997650799176265128e-04 1.147022665600553552e-03 6.285370655472353671e-04 -1.077711592679241048e-03 7.042661524568578435e-04 -8.673009602974292564e-06 -5.807410553421647314e-04 4.586107634367690721e-04 -1.721387915117851618e-04 2.470059382762276878e-02 -1.772330402898099019e-04 7.970196796408712716e-05 2.836861962479469913e-04 -5.794102127885289140e-04 -6.774878415866270205e-05 3.881351771763617538e-04 4.950059885320298551e-04 5.755839024115564587e-04 -4.837012723756383293e-04 -1.462096819004912143e-04 4.144009566586209629e-04 9.717663636181168103e-05 -4.711144836108974382e-04 -3.387184822513702987e-04 3.778967770466481243e-04 1.718290919993019459e-04 9.907357667443101809e-05 -2.008894270278484598e-04 4.444126738961022105e-04 1.762208184709217239e-04 -2.167816249218427452e-04 -4.727656355001572087e-05 7.413336930495344266e-05
2.872338816984443093e-04 2.364774511991948013e-03 9.077479345701743767e-04 8.516198222018013997e-04 -1.454055291376976687e-03 1.311143542882934373e-04 3.779310127178049422e-05 3.234375098459756596e-05 5.937627296130208905e-04 1.732005017635210406e-04 -1.682514215462656260e-04 -7.334483736760167129e-04 -7.115937865180166789e-04 -4.985757173174662249e-05 -3.928939803666787415e-04 8.661593233125414789e-04 1.859724746524456067e-03 2.472838529420745920e-05 -2.015281461796892832e-04 3.162413729513505580e-04 -1.159357080280523514e-03 3.142484389327630107e-04 -9.528092683445686705e-04 -1.055402714173481410e-03 -6.059566946537523228e-04 9.557185463093761414e-04 -1.772330402898099019e-04 2.211905738560287354e-02 -1.844502459648097558e-04 -4.452157376910891484e-04 -9.213423423345463601e-04 1.087476273046062304e-04 1.770903665000451836e-04 -4.629916080083759048e-04 3.820142602179631901e-04 -1.680168682452865925e-04 -2.666596392745725509e-04 -1.644911751181052189e-04 -4.482917654725479453e-04 -1.056470671087661794e-05 1.575592842067611394e-04 2.428283061313691151e-04 6.072605686340927983e-05 2.058674562071102689e-04 3.017036083374330618e-04 -6.669604494695634335e-06 -1.435356459687414698e-04 6.409289647418294194e-05 1.111075457640443821e-04 -3.591056899677868448e-06
-1.563334963537552796e-04 1.473475488341738707e-03 -3.230463102948869631e-04 -1.429939108797537465e-03 9.871797792174346383e-04 1.239776895017654767e-03 -1.278398702750565111e-05 9.619296601933894708e-05 2.188838717581625222e-04 1.100024028497283536e-03 8.005249308427247806e-04 -3.961598582854061116e-04 -4.920533852261328939e-04 -1.066958446859689671e-03 -2.524438765657281009e-03 4.520620177238100865e-04 1.004327886143801277e-04 3.473255178724584573e-04 -6.257089075416179128e-04 8.520285765859959165e-05 7.173951721594677916e-04 -4.492125857834594941e-04 1.506529142097993252e-03 -3.951147542616293491e-04 -9.456869671579833103e-04 -5.067435504907769961e-05 7.970196796408712716e-05 -1.844502459648097558e-04 2.111482241087144635e-02 -2.055015530744652100e-04 -1.752354737935481893e-04 -6.221713630048751045e-04 2.709323871497139129e-04 4.633917602757131084e-04 -6.932385847364765704e-04 -2.841587527332492796e-04 -8.916375140466851297e-04 6.688997442752265534e-04 -1.748279397236292732e-04 3.796494893607828226e-04 -5.806471048236646129e-04 3.197067696200267301e-04 -4.260571822476680510e-04 -4.797001536200440992e-04 8.693015023301492146e-05 4.020125784223267857e-04 4.851669745664593218e-05 -1.672476708208567688e-04 1.232607368284509644e-04 -1.592774128686562959e-04
2.648220693858635219e-03 2.324187995396014873e-03 1.323384636129859007e-03 -4.763307587609093697e-04 -2.177871943798726786e-04 -1.841716347085655813e-05 -3.775756286190472808e-04 1.087984307957971146e-03 1.114383483699347976e-03 1.264298758989316129e-03 -5.544073768922770781e-04 6.023348187071444473e-04 9.408081750994162578e-05 -5.327083947925948925e-04 4.278268382399186861e-05 -1.951047404442456383e-04 -7.094729472834083442e-04 7.589927708704725983e-04 -6.473371622548367357e-04 -4.270263295370997029e-04 8.045282421014963948e-04 -4.796730576152435357e-04 2.766255236138909766e-04 6.495761519126351568e-04 -2.222486420804385720e-04 -2.645045577196044221e-06 2.836861962479469913e-04 -4.452157376910891484e-04 -2.055015530744652100e-04 1.858317848752333301e-02 -2.532473210516959805e-04 -8.856547407034992829e-05 3.364566228847385310e-04 3.477413848523848135e-04 -1.632913743125678449e-04 2.855404852669750208e-04 -3.680380449192727308e-04 -7.505014994956874597e-06 -5.617947309153096901e-05 -2.615410649096164817e-04 -2.207470244327424563e-04 2.518834737216204438e-05 -1.415432806562036503e-04 -1.392441540724236395e-04 -3.725540476222967694e-04 9.912606970596816970e-05 1.898509860374342727e-04 1.095538310847874147e-04 -2.283638964532254357e-04 5.731995779828164320e-05
-9.812194613706204990e-04 -5.128373331588471180e-04 -5.647621293498452993e-04 3.332059874546801359e-05 -8.752090202963360658e-04 -3.440166667612104740e-04 7.929586235384811221e-04 -1.691906607373267477e-04 2.978642321456538824e-05 -1.520715325447031478e-03 -8.864582692379050985e-04 -4.848649128744430279e-04 3.162313543910150166e-05 8.150876892619910536e-04 5.647319758477438228e-04 1.756277353335749050e-04 -3.739893714530090037e-04 -6.450485831775554625e-04 -2.280000333435742521e-04 1.054943680433786815e-03 -9.990229176585641718e-04 5.400837626625164863e-04 -1.996606018094068289e-04 9.768760512864306175e-04 -3.548172735144023717e-04 5.949972268268038629e-04 -5.794102127885289140e-04 -9.213423423345463601e-04 -1.752354737935481893e-04 -2.532473210516959805e-04 1.790615018582184664e-02 8.171363200987735687e-05 4.008028775575400520e-04 4.949311855809761322e-05 2.110722902567714187e-04 -1.639840649672605149e-04 -6.732667407881650235e-04 1.231748348659575994e-04 3.766647552921431434e-04 2.662242775615169740e-04 5.209332360706360292e-04 -3.777311897017318816e-04 3.853061446019853068e-04 -2.610692019959983280e-04 3.504037237459227297e-04 -2.862971073114147728e-04 -7.527925310672664008e-05 2.316634287247135276e-05 6.674221864471925180e-05 2.105237913884101841e-04
